1000
10000.0
11.0 35.0
68.0 16.0
76.0 35.0
51.0 55.0
56.0 38.0
35.0 26.0
68.0 44.0
40.0 58.0
58.0 15.0
26.0 19.0
65.0 76.0
88.0 49.0
20.0 94.0
58.0 77.0
85.0 45.0
99.0 13.0
61.0 75.0
38.0 98.0
45.0 38.0
44.0 80.0
18.0 17.0
51.0 88.0
21.0 37.0
92.0 19.0
73.0 68.0
71.0 79.0
51.0 67.0
84.0 43.0
91.0 36.0
78.0 44.0
92.0 67.0
55.0 65.0
35.0 77.0
88.0 54.0
92.0 32.0
71.0 22.0
70.0 87.0
63.0 90.0
51.0 80.0
55.0 31.0
23.0 11.0
56.0 32.0
47.0 58.0
82.0 19.0
51.0 64.0
51.0 74.0
26.0 89.0
17.0 19.0
72.0 65.0
85.0 86.0
29.0 39.0
96.0 96.0
89.0 11.0
40.0 51.0
86.0 39.0
58.0 75.0
100.0 77.0
75.0 62.0
86.0 61.0
36.0 93.0
79.0 68.0
73.0 52.0
86.0 96.0
11.0 48.0
42.0 11.0
36.0 99.0
80.0 56.0
49.0 28.0
25.0 19.0
64.0 87.0
86.0 80.0
12.0 65.0
26.0 84.0
95.0 48.0
26.0 31.0
35.0 56.0
51.0 80.0
70.0 63.0
92.0 17.0
38.0 37.0
82.0 15.0
13.0 36.0
67.0 35.0
34.0 66.0
78.0 43.0
52.0 32.0
90.0 41.0
71.0 51.0
57.0 31.0
12.0 56.0
65.0 50.0
30.0 25.0
56.0 93.0
98.0 89.0
20.0 65.0
58.0 46.0
46.0 91.0
74.0 52.0
90.0 18.0
96.0 57.0
32.0 39.0
85.0 15.0
99.0 84.0
84.0 89.0
62.0 86.0
75.0 38.0
58.0 62.0
12.0 95.0
63.0 52.0
30.0 93.0
55.0 20.0
84.0 33.0
33.0 52.0
28.0 78.0
31.0 98.0
74.0 75.0
45.0 49.0
65.0 92.0
77.0 22.0
35.0 34.0
42.0 84.0
37.0 40.0
47.0 86.0
67.0 17.0
65.0 77.0
72.0 27.0
27.0 79.0
28.0 29.0
33.0 19.0
66.0 74.0
77.0 67.0
29.0 70.0
28.0 73.0
25.0 47.0
63.0 41.0
11.0 61.0
38.0 13.0
56.0 29.0
19.0 30.0
19.0 40.0
48.0 52.0
80.0 40.0
93.0 79.0
34.0 14.0
36.0 12.0
11.0 89.0
61.0 42.0
39.0 41.0
11.0 96.0
74.0 16.0
66.0 44.0
21.0 88.0
22.0 80.0
32.0 40.0
59.0 41.0
86.0 79.0
36.0 39.0
64.0 65.0
39.0 50.0
54.0 85.0
90.0 84.0
31.0 84.0
98.0 33.0
95.0 40.0
71.0 26.0
94.0 91.0
72.0 41.0
81.0 82.0
27.0 100.0
45.0 98.0
83.0 16.0
69.0 34.0
13.0 11.0
64.0 83.0
39.0 45.0
79.0 51.0
58.0 27.0
22.0 62.0
34.0 53.0
42.0 37.0
62.0 97.0
45.0 93.0
26.0 39.0
100.0 93.0
86.0 38.0
77.0 14.0
26.0 54.0
98.0 90.0
71.0 99.0
11.0 76.0
17.0 35.0
68.0 71.0
68.0 18.0
33.0 81.0
13.0 44.0
88.0 81.0
67.0 27.0
64.0 46.0
11.0 25.0
84.0 96.0
78.0 78.0
69.0 38.0
25.0 68.0
84.0 97.0
38.0 80.0
29.0 97.0
30.0 82.0
12.0 89.0
95.0 43.0
27.0 28.0
91.0 47.0
11.0 95.0
90.0 72.0
56.0 20.0
23.0 71.0
59.0 24.0
80.0 94.0
25.0 37.0
36.0 67.0
93.0 71.0
61.0 42.0
80.0 82.0
92.0 17.0
87.0 92.0
34.0 24.0
72.0 43.0
78.0 72.0
58.0 41.0
67.0 53.0
31.0 28.0
11.0 32.0
74.0 71.0
26.0 62.0
61.0 50.0
37.0 31.0
73.0 85.0
84.0 88.0
68.0 94.0
48.0 85.0
17.0 78.0
67.0 11.0
99.0 72.0
16.0 87.0
99.0 80.0
31.0 85.0
80.0 36.0
12.0 23.0
22.0 59.0
16.0 75.0
31.0 68.0
38.0 27.0
94.0 37.0
77.0 88.0
74.0 37.0
96.0 36.0
42.0 96.0
16.0 46.0
43.0 22.0
68.0 72.0
51.0 96.0
75.0 44.0
22.0 18.0
23.0 47.0
64.0 98.0
45.0 88.0
14.0 80.0
55.0 15.0
92.0 77.0
24.0 28.0
71.0 30.0
87.0 84.0
60.0 16.0
92.0 52.0
69.0 70.0
56.0 70.0
65.0 31.0
25.0 43.0
76.0 49.0
29.0 60.0
13.0 84.0
58.0 37.0
85.0 68.0
97.0 87.0
32.0 55.0
16.0 40.0
44.0 17.0
27.0 17.0
99.0 69.0
25.0 83.0
69.0 94.0
82.0 11.0
35.0 24.0
51.0 58.0
91.0 39.0
94.0 36.0
86.0 36.0
97.0 25.0
24.0 48.0
97.0 78.0
13.0 31.0
36.0 74.0
15.0 79.0
64.0 65.0
75.0 16.0
76.0 25.0
84.0 42.0
54.0 67.0
34.0 59.0
35.0 72.0
83.0 21.0
88.0 77.0
22.0 14.0
26.0 27.0
63.0 37.0
95.0 56.0
44.0 61.0
32.0 78.0
87.0 67.0
61.0 91.0
71.0 27.0
91.0 87.0
25.0 96.0
35.0 30.0
71.0 58.0
93.0 88.0
62.0 37.0
59.0 42.0
60.0 12.0
57.0 65.0
66.0 51.0
12.0 29.0
21.0 72.0
24.0 58.0
41.0 66.0
23.0 69.0
47.0 100.0
31.0 79.0
20.0 33.0
89.0 47.0
16.0 88.0
69.0 52.0
69.0 98.0
69.0 81.0
20.0 36.0
12.0 44.0
14.0 17.0
25.0 82.0
27.0 42.0
53.0 25.0
26.0 21.0
54.0 64.0
22.0 92.0
96.0 61.0
64.0 56.0
13.0 17.0
42.0 18.0
56.0 46.0
65.0 83.0
75.0 59.0
99.0 68.0
38.0 52.0
68.0 36.0
26.0 75.0
23.0 48.0
44.0 93.0
16.0 64.0
64.0 27.0
26.0 63.0
61.0 18.0
39.0 54.0
11.0 26.0
66.0 86.0
49.0 99.0
48.0 90.0
51.0 75.0
14.0 14.0
62.0 11.0
92.0 19.0
28.0 73.0
40.0 24.0
95.0 79.0
86.0 76.0
84.0 32.0
16.0 40.0
70.0 78.0
42.0 39.0
64.0 80.0
50.0 92.0
71.0 50.0
31.0 15.0
90.0 36.0
54.0 50.0
61.0 37.0
48.0 62.0
43.0 33.0
25.0 100.0
87.0 28.0
45.0 13.0
56.0 43.0
14.0 12.0
51.0 67.0
15.0 72.0
60.0 60.0
39.0 13.0
91.0 41.0
76.0 12.0
80.0 74.0
83.0 44.0
87.0 30.0
99.0 93.0
61.0 35.0
95.0 25.0
75.0 75.0
90.0 75.0
69.0 59.0
87.0 97.0
94.0 14.0
20.0 86.0
17.0 89.0
11.0 36.0
64.0 98.0
24.0 30.0
25.0 62.0
61.0 40.0
81.0 99.0
61.0 27.0
70.0 75.0
39.0 22.0
40.0 82.0
63.0 87.0
42.0 21.0
93.0 73.0
47.0 99.0
69.0 81.0
66.0 15.0
79.0 60.0
76.0 61.0
49.0 43.0
81.0 49.0
71.0 65.0
99.0 19.0
52.0 88.0
95.0 77.0
30.0 59.0
12.0 22.0
36.0 44.0
25.0 34.0
98.0 43.0
25.0 14.0
50.0 67.0
100.0 55.0
21.0 26.0
71.0 44.0
18.0 76.0
25.0 36.0
44.0 94.0
76.0 15.0
37.0 64.0
93.0 37.0
89.0 25.0
71.0 18.0
92.0 17.0
36.0 81.0
89.0 53.0
59.0 77.0
13.0 28.0
33.0 53.0
59.0 98.0
98.0 75.0
33.0 95.0
85.0 57.0
18.0 22.0
24.0 62.0
36.0 35.0
79.0 84.0
25.0 84.0
32.0 100.0
55.0 39.0
13.0 88.0
49.0 66.0
34.0 97.0
96.0 45.0
32.0 41.0
43.0 90.0
21.0 26.0
76.0 72.0
29.0 88.0
79.0 76.0
27.0 31.0
85.0 80.0
48.0 73.0
56.0 95.0
60.0 92.0
47.0 34.0
37.0 29.0
55.0 72.0
92.0 37.0
91.0 85.0
18.0 83.0
71.0 52.0
13.0 11.0
37.0 93.0
31.0 35.0
83.0 58.0
59.0 17.0
11.0 58.0
69.0 86.0
33.0 11.0
54.0 29.0
44.0 94.0
56.0 84.0
79.0 98.0
79.0 28.0
25.0 81.0
40.0 85.0
97.0 88.0
19.0 51.0
90.0 16.0
22.0 56.0
56.0 98.0
17.0 39.0
61.0 87.0
42.0 84.0
32.0 33.0
25.0 76.0
42.0 82.0
87.0 74.0
48.0 41.0
78.0 39.0
23.0 23.0
63.0 37.0
99.0 12.0
84.0 54.0
13.0 70.0
56.0 91.0
23.0 43.0
11.0 15.0
58.0 25.0
35.0 63.0
71.0 80.0
38.0 82.0
82.0 30.0
28.0 32.0
40.0 80.0
40.0 88.0
34.0 18.0
28.0 79.0
39.0 59.0
77.0 81.0
33.0 99.0
81.0 69.0
54.0 25.0
43.0 17.0
70.0 16.0
18.0 71.0
29.0 38.0
13.0 21.0
70.0 73.0
100.0 52.0
57.0 71.0
31.0 64.0
45.0 21.0
46.0 78.0
70.0 77.0
93.0 38.0
51.0 58.0
30.0 37.0
74.0 47.0
58.0 77.0
12.0 73.0
71.0 90.0
25.0 44.0
97.0 40.0
63.0 38.0
65.0 97.0
90.0 57.0
27.0 32.0
42.0 53.0
13.0 41.0
33.0 62.0
60.0 98.0
83.0 26.0
42.0 58.0
56.0 34.0
71.0 15.0
38.0 77.0
65.0 25.0
64.0 48.0
44.0 53.0
81.0 69.0
90.0 56.0
69.0 96.0
56.0 55.0
28.0 42.0
46.0 92.0
83.0 65.0
79.0 45.0
78.0 27.0
35.0 60.0
76.0 76.0
11.0 93.0
62.0 36.0
94.0 62.0
96.0 81.0
60.0 60.0
76.0 35.0
45.0 49.0
24.0 95.0
35.0 22.0
43.0 41.0
56.0 77.0
21.0 39.0
95.0 41.0
22.0 71.0
72.0 87.0
21.0 34.0
24.0 46.0
42.0 75.0
52.0 28.0
94.0 56.0
50.0 69.0
91.0 99.0
27.0 99.0
64.0 36.0
78.0 73.0
44.0 18.0
72.0 85.0
58.0 37.0
52.0 44.0
47.0 82.0
34.0 64.0
85.0 95.0
83.0 56.0
29.0 40.0
92.0 34.0
48.0 56.0
13.0 48.0
29.0 71.0
71.0 16.0
30.0 13.0
77.0 24.0
83.0 87.0
79.0 25.0
84.0 29.0
40.0 83.0
85.0 86.0
34.0 84.0
73.0 96.0
26.0 74.0
78.0 22.0
71.0 31.0
98.0 46.0
73.0 21.0
29.0 52.0
82.0 67.0
86.0 22.0
70.0 90.0
60.0 70.0
92.0 49.0
75.0 73.0
73.0 66.0
30.0 29.0
64.0 66.0
30.0 19.0
14.0 44.0
60.0 62.0
20.0 81.0
39.0 65.0
84.0 33.0
75.0 89.0
41.0 86.0
22.0 78.0
23.0 63.0
19.0 87.0
23.0 89.0
42.0 52.0
78.0 32.0
100.0 97.0
66.0 28.0
82.0 20.0
34.0 86.0
39.0 68.0
58.0 22.0
24.0 83.0
77.0 12.0
97.0 84.0
100.0 42.0
50.0 61.0
18.0 24.0
71.0 60.0
23.0 37.0
97.0 65.0
19.0 54.0
73.0 60.0
84.0 58.0
63.0 93.0
11.0 89.0
79.0 27.0
84.0 84.0
26.0 18.0
27.0 94.0
49.0 17.0
22.0 36.0
44.0 18.0
61.0 76.0
85.0 89.0
42.0 74.0
15.0 32.0
45.0 37.0
28.0 67.0
39.0 55.0
13.0 33.0
48.0 76.0
59.0 65.0
29.0 64.0
73.0 11.0
99.0 60.0
37.0 15.0
54.0 96.0
88.0 14.0
88.0 13.0
28.0 44.0
42.0 73.0
77.0 53.0
33.0 30.0
70.0 81.0
69.0 57.0
33.0 47.0
96.0 79.0
27.0 32.0
25.0 27.0
22.0 88.0
45.0 66.0
43.0 68.0
89.0 97.0
57.0 54.0
42.0 63.0
25.0 62.0
42.0 90.0
16.0 73.0
46.0 41.0
72.0 15.0
48.0 42.0
14.0 15.0
63.0 93.0
39.0 70.0
46.0 97.0
44.0 32.0
11.0 28.0
59.0 62.0
41.0 27.0
40.0 53.0
47.0 60.0
42.0 66.0
86.0 65.0
18.0 74.0
41.0 58.0
76.0 61.0
40.0 83.0
38.0 63.0
39.0 64.0
12.0 76.0
60.0 91.0
54.0 58.0
87.0 20.0
63.0 47.0
68.0 51.0
34.0 81.0
93.0 27.0
72.0 67.0
54.0 91.0
79.0 85.0
28.0 45.0
61.0 17.0
52.0 87.0
82.0 56.0
63.0 59.0
32.0 36.0
46.0 47.0
96.0 54.0
21.0 71.0
80.0 14.0
35.0 26.0
73.0 96.0
20.0 87.0
91.0 54.0
50.0 68.0
45.0 78.0
66.0 20.0
93.0 13.0
100.0 59.0
95.0 67.0
91.0 50.0
57.0 43.0
14.0 15.0
48.0 40.0
28.0 91.0
28.0 81.0
45.0 60.0
26.0 89.0
68.0 14.0
60.0 40.0
49.0 22.0
89.0 25.0
53.0 15.0
66.0 95.0
30.0 46.0
22.0 77.0
37.0 99.0
39.0 54.0
66.0 67.0
24.0 13.0
24.0 45.0
99.0 23.0
74.0 97.0
96.0 63.0
76.0 11.0
78.0 51.0
90.0 66.0
99.0 92.0
74.0 25.0
20.0 58.0
59.0 62.0
56.0 37.0
21.0 92.0
70.0 16.0
69.0 66.0
36.0 85.0
73.0 11.0
83.0 30.0
51.0 57.0
72.0 31.0
28.0 53.0
61.0 61.0
62.0 86.0
73.0 56.0
11.0 91.0
70.0 81.0
49.0 45.0
66.0 71.0
69.0 35.0
42.0 27.0
30.0 94.0
47.0 74.0
53.0 86.0
59.0 60.0
12.0 92.0
69.0 80.0
71.0 69.0
93.0 29.0
40.0 82.0
58.0 79.0
99.0 85.0
61.0 57.0
78.0 28.0
13.0 28.0
42.0 39.0
32.0 55.0
36.0 96.0
13.0 12.0
75.0 61.0
55.0 72.0
93.0 33.0
65.0 60.0
28.0 58.0
70.0 87.0
62.0 51.0
81.0 35.0
37.0 14.0
78.0 44.0
90.0 84.0
89.0 23.0
54.0 85.0
25.0 88.0
99.0 88.0
88.0 34.0
60.0 48.0
42.0 56.0
68.0 27.0
93.0 26.0
43.0 73.0
67.0 98.0
13.0 49.0
70.0 39.0
63.0 13.0
62.0 91.0
28.0 49.0
51.0 83.0
38.0 46.0
13.0 34.0
68.0 69.0
48.0 69.0
48.0 16.0
56.0 11.0
96.0 99.0
23.0 73.0
66.0 46.0
93.0 21.0
44.0 86.0
56.0 33.0
71.0 88.0
24.0 71.0
34.0 15.0
28.0 47.0
34.0 31.0
76.0 41.0
69.0 68.0
71.0 95.0
76.0 74.0
29.0 98.0
82.0 96.0
44.0 67.0
77.0 58.0
84.0 62.0
91.0 85.0
90.0 71.0
31.0 72.0
38.0 39.0
26.0 22.0
59.0 80.0
87.0 69.0
46.0 31.0
74.0 100.0
44.0 61.0
59.0 85.0
23.0 34.0
99.0 48.0
93.0 89.0
33.0 55.0
58.0 97.0
57.0 87.0
31.0 58.0
80.0 67.0
14.0 76.0
42.0 29.0
40.0 56.0
100.0 32.0
38.0 62.0
43.0 27.0
100.0 85.0
55.0 20.0
14.0 82.0
74.0 99.0
54.0 70.0
91.0 60.0
39.0 58.0
31.0 71.0
54.0 71.0
28.0 53.0
19.0 68.0
95.0 18.0
93.0 94.0
14.0 68.0
89.0 76.0
63.0 59.0
79.0 18.0
24.0 33.0
93.0 80.0
16.0 65.0
35.0 32.0
44.0 20.0
57.0 24.0
17.0 23.0
91.0 84.0
36.0 15.0
86.0 60.0
50.0 37.0
45.0 60.0
69.0 85.0
83.0 50.0
79.0 97.0
54.0 70.0
59.0 49.0
93.0 40.0
76.0 24.0
35.0 31.0
30.0 97.0
64.0 62.0
23.0 15.0
51.0 18.0
38.0 45.0
54.0 65.0
39.0 99.0
31.0 55.0
41.0 28.0
22.0 43.0
97.0 91.0
86.0 24.0
86.0 13.0
17.0 56.0
55.0 39.0
17.0 93.0
66.0 91.0
21.0 74.0
52.0 58.0
46.0 37.0
53.0 78.0
36.0 40.0
29.0 90.0
25.0 49.0
0 7 12 17 19 21 22 32 37 38 45 46 59 63 65 71 72 75 76 81 83 89 92 94 96 107 109 112 113 114 120 122 126 131 132 133 135 138 139 145 148 151 152 159 161 168 169 177 178 180 181 182 186 189 190 193 194 198 202 204 205 206 207 211 214 217 218 230 232 238 239 242 244 246 247 248 249 255 256 259 262 263 264 265 276 278 279 283 284 288 297 299 300 301 307 308 316 318 321 330 331 332 333 334 335 336 337 339 343 344 346 347 351 362 363 364 365 367 370 372 373 374 378 383 387 395 401 417 418 419 420 422 428 432 441 443 444 453 454 455 457 462 465 466 467 469 472 475 476 478 480 483 486 490 491 492 498 501 505 509 510 513 514 516 518 519 520 522 524 525 533 534 535 538 540 543 544 546 547 549 554 556 560 562 569 571 574 578 579 580 585 593 594 598 600 607 611 613 615 616 617 622 629 630 636 637 644 646 648 653 664 666 667 670 671 672 673 674 680 681 683 690 692 695 696 700 702 706 707 709 711 712 714 718 721 722 727 731 732 733 736 737 738 739 744 745 746 748 753 755 758 759 760 761 762 767 770 772 774 780 784 787 796 797 799 805 806 807 808 812 821 824 827 832 836 842 843 844 846 850 855 857 858 864 872 873 880 881 882 885 886 887 889 895 898 901 903 909 911 916 924 928 929 930 931 933 937 941 945 946 948 949 952 958 976 982 983 985 989 991 993 996 998 999 --------------------------
for a total value of 23288 and a total weight of 10000
