1250
400.0
42.0 19.0
89.0 18.0
54.0 98.0
99.0 77.0
29.0 68.0
93.0 78.0
85.0 57.0
71.0 45.0
92.0 32.0
15.0 14.0
15.0 35.0
47.0 69.0
37.0 30.0
64.0 99.0
43.0 51.0
19.0 73.0
80.0 61.0
38.0 28.0
95.0 50.0
29.0 30.0
77.0 45.0
30.0 36.0
35.0 82.0
65.0 88.0
17.0 13.0
13.0 21.0
68.0 90.0
51.0 86.0
82.0 68.0
82.0 28.0
27.0 99.0
57.0 45.0
31.0 17.0
16.0 90.0
97.0 91.0
56.0 29.0
34.0 83.0
37.0 47.0
40.0 43.0
33.0 63.0
53.0 66.0
64.0 91.0
61.0 30.0
64.0 58.0
13.0 73.0
80.0 70.0
22.0 78.0
75.0 42.0
19.0 57.0
94.0 28.0
81.0 84.0
30.0 18.0
25.0 73.0
78.0 95.0
65.0 20.0
66.0 82.0
44.0 99.0
80.0 56.0
67.0 47.0
96.0 31.0
69.0 85.0
47.0 59.0
28.0 75.0
86.0 20.0
87.0 70.0
35.0 44.0
19.0 15.0
32.0 51.0
41.0 69.0
20.0 44.0
36.0 28.0
21.0 39.0
84.0 25.0
29.0 12.0
97.0 20.0
83.0 100.0
91.0 13.0
25.0 30.0
40.0 52.0
74.0 30.0
19.0 99.0
89.0 72.0
61.0 47.0
21.0 33.0
20.0 71.0
62.0 51.0
43.0 13.0
66.0 41.0
54.0 50.0
97.0 77.0
94.0 33.0
68.0 60.0
87.0 71.0
62.0 61.0
39.0 60.0
80.0 25.0
19.0 21.0
97.0 17.0
12.0 97.0
81.0 77.0
29.0 67.0
69.0 55.0
94.0 13.0
55.0 26.0
56.0 98.0
83.0 85.0
99.0 79.0
29.0 100.0
20.0 82.0
11.0 99.0
57.0 76.0
79.0 70.0
31.0 99.0
83.0 25.0
40.0 17.0
36.0 66.0
28.0 92.0
81.0 88.0
90.0 84.0
28.0 27.0
14.0 96.0
72.0 81.0
67.0 20.0
98.0 34.0
67.0 93.0
38.0 63.0
82.0 26.0
16.0 95.0
35.0 80.0
14.0 84.0
48.0 57.0
82.0 90.0
17.0 80.0
18.0 33.0
72.0 79.0
15.0 85.0
70.0 46.0
13.0 13.0
72.0 86.0
52.0 79.0
100.0 72.0
100.0 65.0
78.0 85.0
77.0 26.0
58.0 35.0
44.0 46.0
56.0 54.0
22.0 49.0
92.0 17.0
18.0 94.0
64.0 95.0
35.0 40.0
69.0 50.0
47.0 84.0
79.0 98.0
17.0 84.0
59.0 66.0
37.0 16.0
63.0 41.0
77.0 26.0
26.0 27.0
96.0 22.0
79.0 84.0
19.0 76.0
18.0 70.0
75.0 59.0
34.0 60.0
55.0 71.0
35.0 50.0
18.0 79.0
53.0 95.0
65.0 99.0
36.0 11.0
81.0 35.0
87.0 26.0
14.0 62.0
65.0 81.0
59.0 62.0
71.0 57.0
32.0 95.0
17.0 16.0
38.0 61.0
99.0 55.0
94.0 12.0
91.0 67.0
31.0 20.0
65.0 54.0
65.0 64.0
39.0 73.0
91.0 100.0
66.0 83.0
48.0 55.0
90.0 100.0
70.0 56.0
35.0 28.0
58.0 80.0
27.0 60.0
63.0 77.0
93.0 28.0
44.0 13.0
91.0 14.0
90.0 89.0
46.0 48.0
96.0 88.0
35.0 64.0
48.0 95.0
67.0 12.0
16.0 67.0
71.0 80.0
69.0 64.0
14.0 80.0
12.0 99.0
75.0 13.0
65.0 83.0
86.0 84.0
95.0 59.0
53.0 62.0
58.0 66.0
100.0 51.0
95.0 63.0
21.0 48.0
40.0 48.0
72.0 25.0
25.0 97.0
91.0 88.0
57.0 22.0
26.0 17.0
11.0 36.0
27.0 23.0
75.0 98.0
50.0 97.0
12.0 40.0
41.0 49.0
37.0 26.0
46.0 34.0
95.0 62.0
40.0 84.0
48.0 65.0
24.0 40.0
21.0 21.0
44.0 94.0
76.0 35.0
99.0 58.0
72.0 59.0
22.0 33.0
85.0 66.0
57.0 14.0
37.0 37.0
35.0 36.0
14.0 31.0
18.0 79.0
94.0 25.0
79.0 97.0
31.0 37.0
93.0 99.0
97.0 46.0
35.0 70.0
51.0 59.0
17.0 56.0
54.0 61.0
47.0 98.0
17.0 61.0
69.0 53.0
92.0 75.0
68.0 28.0
82.0 13.0
46.0 73.0
51.0 61.0
90.0 33.0
15.0 31.0
77.0 23.0
69.0 54.0
33.0 34.0
57.0 68.0
55.0 34.0
98.0 74.0
60.0 46.0
18.0 87.0
30.0 66.0
70.0 41.0
54.0 63.0
37.0 95.0
89.0 92.0
75.0 46.0
60.0 17.0
95.0 61.0
69.0 18.0
21.0 83.0
41.0 62.0
34.0 69.0
56.0 97.0
80.0 66.0
38.0 74.0
21.0 95.0
19.0 90.0
85.0 23.0
37.0 56.0
48.0 90.0
63.0 11.0
92.0 72.0
11.0 52.0
90.0 72.0
46.0 83.0
37.0 30.0
58.0 35.0
48.0 59.0
38.0 64.0
32.0 28.0
77.0 87.0
78.0 96.0
57.0 35.0
17.0 57.0
13.0 54.0
41.0 87.0
35.0 97.0
84.0 92.0
98.0 80.0
51.0 39.0
18.0 49.0
19.0 36.0
30.0 13.0
47.0 32.0
55.0 70.0
53.0 60.0
23.0 64.0
84.0 32.0
91.0 25.0
65.0 19.0
85.0 78.0
43.0 85.0
30.0 94.0
100.0 100.0
97.0 37.0
56.0 50.0
43.0 24.0
40.0 96.0
39.0 37.0
78.0 65.0
42.0 30.0
100.0 35.0
36.0 94.0
38.0 27.0
76.0 86.0
45.0 73.0
15.0 82.0
51.0 43.0
87.0 43.0
14.0 52.0
53.0 48.0
57.0 77.0
54.0 18.0
35.0 80.0
17.0 57.0
50.0 40.0
26.0 24.0
62.0 40.0
60.0 22.0
91.0 85.0
57.0 78.0
51.0 59.0
52.0 97.0
90.0 34.0
79.0 64.0
59.0 42.0
65.0 86.0
54.0 30.0
78.0 46.0
38.0 68.0
48.0 99.0
62.0 28.0
71.0 39.0
38.0 85.0
48.0 32.0
23.0 50.0
27.0 37.0
29.0 66.0
76.0 78.0
98.0 79.0
31.0 92.0
99.0 75.0
74.0 32.0
57.0 85.0
58.0 69.0
69.0 55.0
21.0 19.0
27.0 28.0
92.0 76.0
73.0 59.0
81.0 63.0
55.0 28.0
33.0 90.0
28.0 11.0
79.0 32.0
49.0 78.0
43.0 52.0
64.0 45.0
44.0 34.0
18.0 51.0
41.0 91.0
56.0 14.0
80.0 40.0
85.0 89.0
89.0 84.0
44.0 98.0
93.0 49.0
88.0 30.0
75.0 78.0
22.0 91.0
24.0 59.0
54.0 79.0
96.0 28.0
39.0 31.0
75.0 34.0
58.0 40.0
18.0 17.0
72.0 46.0
41.0 14.0
66.0 62.0
67.0 60.0
70.0 64.0
31.0 24.0
79.0 25.0
92.0 61.0
47.0 18.0
75.0 57.0
93.0 36.0
55.0 91.0
79.0 90.0
73.0 61.0
81.0 34.0
45.0 13.0
24.0 38.0
82.0 16.0
87.0 30.0
99.0 70.0
98.0 19.0
34.0 40.0
14.0 100.0
13.0 96.0
88.0 44.0
53.0 73.0
60.0 93.0
26.0 93.0
85.0 67.0
81.0 56.0
65.0 67.0
85.0 40.0
35.0 24.0
30.0 59.0
95.0 94.0
94.0 22.0
47.0 77.0
84.0 99.0
67.0 28.0
74.0 78.0
56.0 87.0
54.0 93.0
75.0 52.0
78.0 57.0
53.0 54.0
74.0 24.0
14.0 65.0
39.0 24.0
77.0 98.0
64.0 33.0
24.0 57.0
79.0 36.0
74.0 68.0
11.0 15.0
26.0 76.0
13.0 72.0
71.0 18.0
90.0 24.0
45.0 20.0
91.0 65.0
45.0 66.0
97.0 70.0
44.0 69.0
100.0 81.0
84.0 59.0
78.0 26.0
99.0 21.0
33.0 88.0
100.0 79.0
74.0 73.0
56.0 99.0
55.0 89.0
24.0 43.0
39.0 58.0
78.0 83.0
72.0 71.0
93.0 72.0
12.0 75.0
96.0 58.0
56.0 55.0
84.0 100.0
79.0 67.0
32.0 52.0
70.0 80.0
97.0 51.0
23.0 66.0
48.0 31.0
33.0 75.0
34.0 85.0
90.0 81.0
38.0 51.0
89.0 66.0
53.0 77.0
96.0 80.0
96.0 65.0
17.0 62.0
84.0 73.0
89.0 21.0
59.0 68.0
27.0 81.0
49.0 31.0
72.0 76.0
72.0 70.0
95.0 37.0
56.0 74.0
76.0 51.0
50.0 21.0
67.0 89.0
19.0 28.0
49.0 63.0
28.0 74.0
67.0 40.0
24.0 90.0
66.0 58.0
54.0 100.0
25.0 45.0
50.0 75.0
16.0 44.0
50.0 12.0
89.0 77.0
66.0 83.0
21.0 13.0
74.0 89.0
32.0 67.0
71.0 38.0
68.0 61.0
57.0 89.0
98.0 87.0
85.0 73.0
96.0 69.0
44.0 13.0
74.0 54.0
80.0 94.0
29.0 97.0
21.0 45.0
88.0 92.0
43.0 47.0
58.0 91.0
36.0 56.0
46.0 20.0
96.0 27.0
87.0 94.0
94.0 62.0
51.0 36.0
34.0 95.0
46.0 84.0
12.0 49.0
57.0 17.0
31.0 69.0
58.0 13.0
47.0 49.0
33.0 95.0
17.0 92.0
33.0 65.0
83.0 98.0
43.0 49.0
16.0 98.0
48.0 79.0
85.0 72.0
64.0 40.0
17.0 55.0
88.0 53.0
13.0 47.0
55.0 85.0
15.0 16.0
36.0 87.0
20.0 11.0
22.0 64.0
91.0 80.0
72.0 97.0
95.0 24.0
34.0 40.0
55.0 17.0
44.0 18.0
90.0 49.0
69.0 57.0
42.0 53.0
50.0 31.0
99.0 51.0
74.0 23.0
100.0 88.0
61.0 72.0
27.0 84.0
96.0 31.0
86.0 64.0
37.0 72.0
52.0 78.0
100.0 94.0
48.0 18.0
27.0 98.0
63.0 85.0
94.0 78.0
17.0 77.0
18.0 42.0
53.0 78.0
94.0 27.0
57.0 21.0
12.0 64.0
26.0 89.0
32.0 20.0
16.0 24.0
67.0 65.0
14.0 69.0
19.0 44.0
98.0 86.0
30.0 14.0
30.0 86.0
30.0 74.0
31.0 98.0
91.0 75.0
22.0 71.0
66.0 12.0
40.0 78.0
83.0 48.0
75.0 62.0
41.0 28.0
46.0 98.0
72.0 77.0
82.0 80.0
100.0 36.0
52.0 30.0
34.0 71.0
19.0 98.0
58.0 30.0
39.0 88.0
45.0 66.0
64.0 11.0
53.0 78.0
18.0 36.0
87.0 32.0
80.0 88.0
35.0 64.0
84.0 14.0
29.0 70.0
85.0 25.0
67.0 100.0
57.0 26.0
21.0 89.0
13.0 55.0
65.0 40.0
26.0 15.0
79.0 74.0
54.0 55.0
40.0 39.0
18.0 54.0
92.0 25.0
45.0 16.0
68.0 19.0
35.0 90.0
99.0 98.0
75.0 44.0
67.0 30.0
17.0 11.0
72.0 68.0
98.0 89.0
71.0 26.0
68.0 20.0
55.0 55.0
22.0 29.0
81.0 64.0
55.0 12.0
13.0 35.0
30.0 85.0
11.0 30.0
15.0 46.0
37.0 69.0
77.0 36.0
52.0 61.0
23.0 40.0
54.0 99.0
55.0 64.0
59.0 66.0
14.0 80.0
74.0 40.0
28.0 96.0
89.0 30.0
71.0 68.0
16.0 56.0
85.0 53.0
88.0 27.0
74.0 12.0
43.0 23.0
47.0 91.0
89.0 13.0
44.0 15.0
31.0 53.0
94.0 24.0
44.0 88.0
88.0 87.0
28.0 27.0
75.0 84.0
21.0 93.0
52.0 22.0
24.0 44.0
13.0 93.0
27.0 88.0
93.0 43.0
76.0 56.0
55.0 39.0
25.0 27.0
51.0 45.0
40.0 31.0
94.0 15.0
71.0 63.0
97.0 76.0
54.0 86.0
95.0 56.0
83.0 79.0
17.0 27.0
15.0 42.0
92.0 73.0
82.0 67.0
38.0 48.0
75.0 43.0
12.0 18.0
60.0 50.0
79.0 53.0
63.0 42.0
34.0 92.0
73.0 57.0
84.0 73.0
66.0 87.0
51.0 72.0
82.0 27.0
64.0 62.0
45.0 34.0
32.0 24.0
61.0 77.0
51.0 86.0
23.0 98.0
44.0 76.0
82.0 31.0
27.0 32.0
47.0 85.0
22.0 44.0
72.0 81.0
45.0 42.0
74.0 71.0
78.0 71.0
89.0 11.0
32.0 93.0
84.0 73.0
78.0 40.0
46.0 95.0
17.0 17.0
66.0 92.0
23.0 16.0
62.0 80.0
81.0 20.0
49.0 24.0
67.0 50.0
41.0 36.0
34.0 17.0
51.0 78.0
62.0 72.0
35.0 14.0
96.0 47.0
37.0 45.0
97.0 31.0
80.0 87.0
40.0 100.0
61.0 19.0
26.0 60.0
91.0 91.0
33.0 26.0
92.0 11.0
59.0 88.0
34.0 51.0
36.0 75.0
54.0 46.0
50.0 51.0
71.0 64.0
26.0 46.0
75.0 72.0
63.0 52.0
77.0 15.0
69.0 35.0
70.0 85.0
92.0 20.0
26.0 13.0
81.0 53.0
96.0 80.0
89.0 52.0
89.0 54.0
39.0 60.0
24.0 79.0
56.0 69.0
45.0 99.0
81.0 18.0
54.0 61.0
39.0 56.0
38.0 76.0
28.0 99.0
29.0 72.0
53.0 77.0
60.0 14.0
25.0 75.0
24.0 35.0
68.0 31.0
73.0 34.0
55.0 22.0
33.0 30.0
57.0 23.0
11.0 40.0
66.0 70.0
63.0 29.0
85.0 75.0
54.0 72.0
81.0 54.0
98.0 55.0
20.0 85.0
21.0 40.0
45.0 13.0
65.0 40.0
72.0 55.0
53.0 44.0
13.0 77.0
46.0 55.0
19.0 94.0
87.0 13.0
50.0 68.0
45.0 79.0
97.0 61.0
82.0 69.0
90.0 99.0
82.0 88.0
17.0 28.0
86.0 100.0
61.0 33.0
35.0 45.0
35.0 86.0
42.0 44.0
78.0 97.0
36.0 41.0
51.0 56.0
16.0 16.0
49.0 38.0
41.0 62.0
96.0 58.0
26.0 42.0
22.0 32.0
45.0 13.0
66.0 18.0
32.0 56.0
45.0 62.0
45.0 41.0
21.0 47.0
14.0 45.0
13.0 51.0
100.0 99.0
55.0 96.0
26.0 48.0
72.0 35.0
38.0 66.0
21.0 37.0
41.0 98.0
57.0 72.0
74.0 21.0
20.0 32.0
58.0 86.0
81.0 51.0
25.0 49.0
35.0 56.0
12.0 70.0
80.0 99.0
81.0 87.0
22.0 38.0
60.0 74.0
25.0 40.0
76.0 42.0
54.0 53.0
32.0 20.0
62.0 38.0
84.0 17.0
82.0 72.0
12.0 78.0
26.0 16.0
12.0 32.0
77.0 24.0
32.0 29.0
20.0 76.0
50.0 26.0
14.0 40.0
32.0 37.0
29.0 76.0
91.0 29.0
81.0 62.0
69.0 24.0
49.0 76.0
86.0 56.0
16.0 67.0
30.0 47.0
50.0 61.0
37.0 68.0
60.0 98.0
45.0 86.0
76.0 42.0
59.0 88.0
45.0 83.0
51.0 39.0
16.0 19.0
31.0 51.0
88.0 27.0
66.0 53.0
49.0 70.0
84.0 69.0
59.0 22.0
28.0 80.0
72.0 33.0
40.0 31.0
30.0 13.0
37.0 55.0
12.0 23.0
45.0 44.0
53.0 87.0
11.0 81.0
25.0 93.0
41.0 28.0
64.0 75.0
86.0 61.0
74.0 16.0
73.0 33.0
43.0 55.0
26.0 24.0
32.0 61.0
38.0 32.0
30.0 20.0
73.0 92.0
81.0 38.0
46.0 70.0
36.0 53.0
35.0 99.0
77.0 91.0
22.0 84.0
58.0 73.0
52.0 45.0
16.0 46.0
26.0 34.0
22.0 11.0
82.0 99.0
71.0 35.0
13.0 46.0
52.0 79.0
70.0 64.0
13.0 93.0
84.0 93.0
81.0 23.0
85.0 87.0
92.0 94.0
58.0 21.0
65.0 91.0
49.0 99.0
54.0 50.0
38.0 95.0
27.0 46.0
15.0 43.0
60.0 46.0
40.0 98.0
62.0 22.0
35.0 77.0
89.0 82.0
35.0 51.0
13.0 81.0
78.0 76.0
32.0 81.0
87.0 54.0
18.0 88.0
87.0 82.0
95.0 94.0
44.0 18.0
63.0 60.0
22.0 19.0
81.0 92.0
31.0 98.0
31.0 13.0
38.0 96.0
21.0 64.0
75.0 69.0
13.0 100.0
26.0 80.0
11.0 71.0
52.0 74.0
48.0 75.0
66.0 19.0
57.0 13.0
62.0 74.0
31.0 100.0
51.0 65.0
30.0 28.0
89.0 95.0
62.0 56.0
84.0 55.0
45.0 80.0
47.0 36.0
94.0 70.0
92.0 62.0
27.0 24.0
30.0 80.0
31.0 82.0
41.0 82.0
38.0 28.0
82.0 14.0
21.0 71.0
86.0 83.0
59.0 23.0
19.0 43.0
92.0 80.0
54.0 75.0
29.0 95.0
82.0 96.0
68.0 88.0
14.0 34.0
16.0 68.0
68.0 61.0
62.0 44.0
23.0 42.0
69.0 36.0
98.0 56.0
96.0 20.0
88.0 39.0
22.0 57.0
73.0 24.0
94.0 86.0
98.0 37.0
15.0 50.0
67.0 33.0
91.0 76.0
66.0 55.0
80.0 81.0
47.0 66.0
98.0 44.0
85.0 95.0
99.0 15.0
19.0 76.0
25.0 36.0
57.0 95.0
36.0 32.0
34.0 20.0
98.0 72.0
16.0 96.0
59.0 37.0
23.0 99.0
35.0 20.0
77.0 30.0
54.0 12.0
21.0 12.0
87.0 63.0
30.0 72.0
67.0 14.0
43.0 25.0
90.0 94.0
59.0 29.0
38.0 100.0
34.0 28.0
61.0 44.0
27.0 61.0
73.0 86.0
86.0 83.0
72.0 39.0
91.0 18.0
75.0 57.0
49.0 86.0
68.0 25.0
36.0 27.0
49.0 54.0
86.0 79.0
56.0 44.0
88.0 83.0
31.0 76.0
30.0 20.0
56.0 35.0
91.0 67.0
44.0 46.0
18.0 58.0
47.0 45.0
71.0 73.0
20.0 26.0
26.0 12.0
51.0 52.0
49.0 27.0
64.0 75.0
93.0 88.0
12.0 51.0
99.0 69.0
55.0 28.0
96.0 51.0
33.0 34.0
83.0 98.0
55.0 56.0
24.0 39.0
76.0 36.0
15.0 43.0
85.0 12.0
31.0 25.0
90.0 33.0
39.0 100.0
95.0 32.0
99.0 84.0
91.0 73.0
38.0 48.0
33.0 96.0
44.0 51.0
91.0 23.0
25.0 51.0
50.0 48.0
65.0 59.0
54.0 91.0
75.0 43.0
49.0 22.0
72.0 81.0
82.0 93.0
23.0 86.0
11.0 83.0
84.0 92.0
47.0 56.0
28.0 79.0
39.0 30.0
62.0 51.0
66.0 95.0
91.0 55.0
15.0 46.0
58.0 44.0
74.0 40.0
67.0 98.0
76.0 84.0
40.0 100.0
38.0 17.0
97.0 50.0
33.0 56.0
16.0 14.0
37.0 77.0
74.0 54.0
24.0 93.0
34.0 84.0
93.0 69.0
96.0 80.0
17.0 98.0
28.0 44.0
74.0 59.0
54.0 59.0
25.0 78.0
49.0 59.0
86.0 54.0
85.0 61.0
42.0 81.0
13.0 82.0
59.0 33.0
70.0 56.0
94.0 25.0
55.0 99.0
87.0 45.0
82.0 18.0
94.0 76.0
33.0 74.0
91.0 18.0
95.0 47.0
21.0 65.0
21.0 94.0
38.0 93.0
81.0 92.0
73.0 48.0
28.0 16.0
60.0 98.0
46.0 46.0
67.0 26.0
36.0 23.0
77.0 93.0
99.0 17.0
27.0 28.0
50.0 87.0
48.0 51.0
50.0 49.0
33.0 84.0
35.0 15.0
93.0 96.0
62.0 38.0
16.0 13.0
17.0 61.0
80.0 98.0
64.0 99.0
32.0 31.0
69.0 27.0
83.0 29.0
31.0 54.0
35.0 21.0
29.0 94.0
79.0 73.0
15.0 48.0
41.0 48.0
37.0 35.0
48.0 80.0
73.0 28.0
86.0 97.0
48.0 64.0
32.0 35.0
79.0 48.0
30.0 25.0
58.0 46.0
82.0 79.0
52.0 47.0
93.0 66.0
37.0 33.0
73.0 86.0
72.0 57.0
52.0 17.0
39.0 49.0
33.0 67.0
40.0 30.0
74.0 28.0
15.0 11.0
77.0 27.0
46.0 28.0
78.0 89.0
90.0 61.0
99.0 65.0
33.0 23.0
44.0 100.0
65.0 77.0
82.0 95.0
97.0 12.0
82.0 11.0
38.0 39.0
59.0 96.0
100.0 39.0
38.0 41.0
42.0 91.0
46.0 68.0
78.0 96.0
57.0 12.0
55.0 50.0
39.0 50.0
73.0 62.0
11.0 27.0
16.0 27.0
91.0 17.0
