500
400.0
69.0 17.0
97.0 43.0
38.0 37.0
32.0 67.0
40.0 81.0
76.0 56.0
86.0 58.0
100.0 17.0
24.0 36.0
15.0 90.0
83.0 31.0
91.0 14.0
29.0 50.0
61.0 27.0
99.0 97.0
15.0 25.0
18.0 50.0
17.0 66.0
13.0 17.0
44.0 46.0
75.0 84.0
74.0 72.0
38.0 59.0
77.0 36.0
52.0 94.0
31.0 44.0
70.0 41.0
96.0 12.0
13.0 73.0
55.0 61.0
65.0 40.0
20.0 78.0
20.0 65.0
21.0 40.0
80.0 92.0
57.0 75.0
85.0 31.0
81.0 20.0
35.0 83.0
80.0 78.0
93.0 44.0
12.0 27.0
74.0 28.0
93.0 83.0
99.0 14.0
60.0 21.0
62.0 47.0
38.0 87.0
95.0 17.0
72.0 66.0
57.0 60.0
48.0 78.0
53.0 79.0
99.0 37.0
39.0 31.0
74.0 18.0
58.0 54.0
96.0 37.0
38.0 42.0
84.0 77.0
93.0 12.0
24.0 67.0
100.0 79.0
62.0 95.0
58.0 14.0
87.0 47.0
16.0 97.0
94.0 64.0
43.0 21.0
59.0 15.0
82.0 83.0
87.0 52.0
12.0 11.0
34.0 25.0
74.0 22.0
45.0 79.0
93.0 33.0
41.0 23.0
31.0 91.0
37.0 80.0
79.0 71.0
39.0 17.0
98.0 11.0
65.0 17.0
46.0 35.0
22.0 98.0
44.0 24.0
63.0 78.0
82.0 28.0
37.0 98.0
25.0 93.0
49.0 11.0
30.0 67.0
90.0 22.0
93.0 68.0
54.0 58.0
22.0 84.0
94.0 78.0
87.0 73.0
76.0 51.0
30.0 11.0
75.0 97.0
90.0 92.0
46.0 56.0
86.0 22.0
20.0 56.0
100.0 77.0
86.0 54.0
45.0 72.0
20.0 35.0
12.0 13.0
46.0 38.0
15.0 93.0
80.0 89.0
93.0 47.0
68.0 87.0
32.0 25.0
96.0 20.0
31.0 81.0
58.0 48.0
55.0 99.0
86.0 86.0
38.0 37.0
41.0 68.0
81.0 95.0
42.0 93.0
60.0 94.0
94.0 98.0
55.0 42.0
87.0 63.0
13.0 84.0
93.0 59.0
49.0 49.0
55.0 32.0
51.0 94.0
20.0 66.0
44.0 15.0
51.0 58.0
90.0 12.0
82.0 55.0
19.0 86.0
14.0 48.0
70.0 52.0
23.0 13.0
28.0 20.0
61.0 38.0
70.0 70.0
34.0 47.0
63.0 43.0
68.0 56.0
87.0 23.0
96.0 58.0
97.0 21.0
53.0 90.0
26.0 79.0
34.0 56.0
91.0 73.0
69.0 84.0
16.0 68.0
19.0 22.0
11.0 48.0
99.0 71.0
13.0 40.0
54.0 19.0
77.0 51.0
57.0 72.0
43.0 90.0
50.0 58.0
95.0 29.0
75.0 93.0
32.0 61.0
84.0 65.0
42.0 63.0
59.0 17.0
86.0 40.0
66.0 73.0
93.0 50.0
73.0 43.0
57.0 48.0
63.0 40.0
92.0 34.0
55.0 82.0
53.0 76.0
25.0 25.0
90.0 27.0
59.0 54.0
77.0 43.0
65.0 17.0
11.0 66.0
28.0 79.0
84.0 50.0
95.0 82.0
69.0 93.0
79.0 90.0
84.0 31.0
63.0 68.0
40.0 27.0
49.0 43.0
15.0 66.0
67.0 25.0
50.0 20.0
54.0 76.0
95.0 27.0
41.0 71.0
85.0 60.0
49.0 16.0
90.0 65.0
62.0 66.0
26.0 84.0
98.0 53.0
94.0 52.0
82.0 88.0
85.0 59.0
98.0 97.0
49.0 54.0
20.0 99.0
93.0 46.0
88.0 55.0
65.0 68.0
60.0 80.0
13.0 99.0
38.0 93.0
62.0 48.0
46.0 69.0
23.0 15.0
36.0 23.0
35.0 68.0
40.0 23.0
79.0 44.0
13.0 84.0
13.0 97.0
12.0 51.0
50.0 40.0
66.0 70.0
81.0 92.0
65.0 70.0
85.0 57.0
70.0 100.0
59.0 26.0
18.0 85.0
75.0 47.0
33.0 30.0
77.0 74.0
17.0 80.0
72.0 72.0
54.0 43.0
27.0 18.0
50.0 50.0
67.0 80.0
51.0 29.0
68.0 34.0
17.0 23.0
54.0 87.0
29.0 51.0
36.0 30.0
30.0 39.0
83.0 91.0
85.0 95.0
87.0 49.0
81.0 47.0
34.0 87.0
63.0 32.0
62.0 16.0
16.0 14.0
20.0 34.0
47.0 37.0
96.0 33.0
51.0 64.0
58.0 27.0
86.0 23.0
53.0 44.0
69.0 76.0
73.0 13.0
69.0 99.0
68.0 99.0
50.0 38.0
19.0 97.0
58.0 35.0
26.0 29.0
17.0 25.0
65.0 67.0
31.0 95.0
63.0 29.0
81.0 33.0
41.0 75.0
45.0 62.0
63.0 75.0
53.0 58.0
60.0 26.0
41.0 18.0
28.0 13.0
35.0 82.0
27.0 31.0
35.0 52.0
58.0 83.0
61.0 59.0
58.0 48.0
23.0 59.0
20.0 12.0
77.0 90.0
84.0 49.0
50.0 57.0
74.0 16.0
43.0 18.0
61.0 88.0
47.0 67.0
38.0 75.0
19.0 55.0
71.0 26.0
61.0 27.0
30.0 25.0
68.0 40.0
44.0 17.0
97.0 20.0
93.0 58.0
29.0 93.0
83.0 15.0
33.0 43.0
57.0 12.0
82.0 68.0
71.0 21.0
57.0 87.0
36.0 26.0
45.0 74.0
47.0 19.0
92.0 65.0
42.0 34.0
49.0 68.0
89.0 65.0
20.0 31.0
83.0 23.0
44.0 15.0
49.0 85.0
60.0 14.0
72.0 63.0
81.0 76.0
82.0 89.0
98.0 100.0
42.0 12.0
71.0 82.0
49.0 94.0
88.0 84.0
22.0 25.0
54.0 29.0
95.0 32.0
46.0 75.0
92.0 62.0
74.0 21.0
83.0 22.0
67.0 21.0
54.0 21.0
89.0 72.0
24.0 74.0
49.0 79.0
73.0 44.0
69.0 37.0
58.0 99.0
30.0 52.0
92.0 86.0
47.0 100.0
67.0 54.0
13.0 24.0
22.0 79.0
26.0 32.0
18.0 64.0
11.0 15.0
20.0 16.0
45.0 39.0
87.0 91.0
20.0 79.0
33.0 55.0
97.0 37.0
42.0 54.0
37.0 60.0
85.0 44.0
56.0 26.0
64.0 69.0
65.0 61.0
13.0 53.0
96.0 17.0
95.0 91.0
93.0 17.0
98.0 73.0
75.0 41.0
28.0 94.0
39.0 72.0
94.0 42.0
95.0 95.0
31.0 68.0
98.0 81.0
35.0 60.0
96.0 89.0
51.0 50.0
34.0 40.0
17.0 11.0
32.0 44.0
55.0 18.0
73.0 13.0
65.0 98.0
41.0 58.0
90.0 70.0
78.0 15.0
83.0 60.0
62.0 52.0
15.0 13.0
76.0 61.0
93.0 13.0
45.0 12.0
75.0 52.0
11.0 65.0
39.0 88.0
35.0 90.0
16.0 100.0
79.0 54.0
46.0 80.0
11.0 72.0
77.0 24.0
32.0 85.0
52.0 15.0
68.0 32.0
19.0 21.0
68.0 47.0
52.0 84.0
13.0 56.0
65.0 40.0
12.0 48.0
65.0 54.0
16.0 29.0
24.0 80.0
58.0 54.0
51.0 74.0
22.0 32.0
69.0 77.0
96.0 65.0
11.0 85.0
71.0 85.0
93.0 63.0
68.0 52.0
37.0 14.0
62.0 98.0
41.0 54.0
34.0 50.0
49.0 71.0
11.0 72.0
94.0 90.0
53.0 95.0
32.0 39.0
98.0 56.0
80.0 47.0
17.0 28.0
54.0 77.0
62.0 51.0
50.0 75.0
11.0 25.0
26.0 48.0
83.0 11.0
16.0 37.0
96.0 82.0
17.0 93.0
33.0 24.0
30.0 95.0
44.0 94.0
16.0 34.0
44.0 82.0
40.0 62.0
39.0 30.0
12.0 66.0
100.0 16.0
12.0 36.0
95.0 79.0
41.0 13.0
45.0 48.0
94.0 60.0
95.0 65.0
51.0 94.0
69.0 62.0
80.0 61.0
24.0 64.0
93.0 36.0
51.0 17.0
22.0 89.0
69.0 20.0
58.0 84.0
83.0 58.0
63.0 76.0
82.0 86.0
99.0 86.0
88.0 97.0
68.0 42.0
55.0 31.0
78.0 82.0
28.0 79.0
18.0 49.0
74.0 68.0
90.0 17.0
12.0 79.0
27.0 14.0
86.0 49.0
19.0 60.0
33.0 49.0
