750
400.0
37.0 80.0
90.0 92.0
30.0 57.0
44.0 43.0
64.0 30.0
55.0 22.0
45.0 95.0
41.0 70.0
23.0 21.0
62.0 37.0
36.0 81.0
34.0 32.0
25.0 81.0
86.0 68.0
94.0 67.0
59.0 90.0
79.0 36.0
57.0 64.0
37.0 73.0
92.0 97.0
43.0 18.0
55.0 27.0
85.0 36.0
39.0 80.0
55.0 41.0
99.0 73.0
30.0 17.0
14.0 14.0
100.0 67.0
97.0 25.0
36.0 46.0
54.0 32.0
70.0 79.0
82.0 28.0
97.0 79.0
12.0 90.0
62.0 100.0
47.0 63.0
83.0 95.0
84.0 17.0
93.0 47.0
46.0 12.0
57.0 53.0
44.0 79.0
49.0 97.0
93.0 91.0
15.0 79.0
26.0 85.0
66.0 77.0
72.0 79.0
65.0 12.0
30.0 30.0
24.0 97.0
98.0 71.0
100.0 33.0
43.0 54.0
82.0 61.0
69.0 36.0
67.0 84.0
13.0 88.0
35.0 82.0
64.0 53.0
82.0 72.0
50.0 25.0
76.0 44.0
18.0 66.0
23.0 27.0
91.0 88.0
66.0 32.0
45.0 52.0
26.0 31.0
13.0 89.0
72.0 23.0
12.0 92.0
91.0 44.0
21.0 30.0
68.0 29.0
37.0 74.0
94.0 99.0
94.0 88.0
97.0 93.0
41.0 71.0
75.0 88.0
80.0 73.0
71.0 37.0
62.0 26.0
98.0 28.0
15.0 67.0
92.0 11.0
64.0 43.0
72.0 72.0
57.0 15.0
33.0 91.0
81.0 92.0
98.0 55.0
15.0 72.0
74.0 89.0
83.0 94.0
16.0 63.0
72.0 41.0
81.0 100.0
94.0 92.0
41.0 99.0
70.0 55.0
86.0 74.0
84.0 85.0
98.0 48.0
33.0 84.0
66.0 72.0
81.0 74.0
18.0 39.0
88.0 42.0
16.0 72.0
17.0 94.0
64.0 25.0
89.0 48.0
74.0 36.0
63.0 15.0
86.0 60.0
12.0 87.0
60.0 75.0
57.0 88.0
39.0 71.0
44.0 67.0
78.0 75.0
11.0 27.0
83.0 42.0
36.0 95.0
33.0 62.0
100.0 16.0
53.0 54.0
78.0 83.0
90.0 78.0
90.0 94.0
76.0 62.0
66.0 99.0
82.0 37.0
45.0 35.0
24.0 68.0
97.0 93.0
69.0 35.0
60.0 82.0
58.0 74.0
38.0 74.0
77.0 89.0
17.0 85.0
18.0 100.0
27.0 71.0
33.0 21.0
14.0 77.0
33.0 32.0
77.0 64.0
50.0 83.0
82.0 21.0
36.0 68.0
27.0 31.0
15.0 61.0
39.0 87.0
44.0 53.0
38.0 65.0
84.0 87.0
20.0 30.0
99.0 33.0
28.0 41.0
69.0 90.0
57.0 35.0
39.0 36.0
60.0 83.0
51.0 20.0
53.0 12.0
11.0 68.0
26.0 88.0
15.0 76.0
51.0 23.0
82.0 23.0
41.0 81.0
44.0 56.0
54.0 47.0
41.0 82.0
39.0 64.0
50.0 22.0
55.0 60.0
15.0 41.0
77.0 45.0
50.0 90.0
77.0 83.0
30.0 95.0
70.0 99.0
76.0 79.0
97.0 73.0
55.0 92.0
52.0 35.0
82.0 51.0
43.0 98.0
16.0 82.0
65.0 50.0
86.0 42.0
94.0 15.0
89.0 67.0
40.0 69.0
53.0 97.0
71.0 55.0
14.0 25.0
32.0 40.0
37.0 26.0
64.0 42.0
15.0 66.0
30.0 41.0
99.0 85.0
58.0 56.0
74.0 80.0
19.0 72.0
90.0 100.0
19.0 85.0
19.0 97.0
12.0 90.0
52.0 68.0
64.0 43.0
93.0 84.0
58.0 67.0
82.0 37.0
55.0 74.0
48.0 30.0
92.0 40.0
76.0 74.0
87.0 20.0
73.0 34.0
39.0 97.0
82.0 13.0
17.0 94.0
22.0 19.0
86.0 46.0
32.0 54.0
77.0 15.0
51.0 52.0
65.0 61.0
73.0 67.0
78.0 52.0
29.0 89.0
50.0 15.0
98.0 65.0
14.0 31.0
18.0 43.0
12.0 34.0
11.0 37.0
94.0 57.0
88.0 39.0
37.0 40.0
81.0 21.0
52.0 51.0
60.0 66.0
44.0 96.0
59.0 70.0
63.0 82.0
69.0 25.0
14.0 12.0
27.0 60.0
87.0 68.0
25.0 51.0
59.0 26.0
62.0 21.0
28.0 87.0
94.0 41.0
46.0 26.0
59.0 15.0
47.0 98.0
74.0 28.0
81.0 27.0
46.0 29.0
62.0 82.0
92.0 59.0
84.0 36.0
13.0 94.0
89.0 14.0
97.0 37.0
18.0 13.0
84.0 47.0
53.0 96.0
57.0 66.0
23.0 17.0
65.0 38.0
30.0 75.0
67.0 34.0
42.0 57.0
21.0 33.0
55.0 47.0
75.0 49.0
58.0 56.0
91.0 26.0
52.0 14.0
39.0 15.0
76.0 13.0
68.0 64.0
63.0 85.0
88.0 91.0
33.0 47.0
33.0 17.0
45.0 66.0
92.0 30.0
51.0 85.0
32.0 56.0
55.0 20.0
32.0 74.0
98.0 44.0
60.0 98.0
34.0 48.0
48.0 22.0
74.0 12.0
43.0 88.0
43.0 60.0
92.0 97.0
74.0 29.0
39.0 20.0
60.0 32.0
52.0 100.0
30.0 73.0
71.0 63.0
32.0 32.0
48.0 90.0
33.0 78.0
44.0 40.0
58.0 29.0
50.0 92.0
81.0 32.0
25.0 99.0
55.0 45.0
56.0 23.0
58.0 84.0
75.0 71.0
16.0 58.0
78.0 12.0
26.0 28.0
66.0 30.0
12.0 84.0
74.0 61.0
44.0 31.0
36.0 20.0
95.0 52.0
89.0 22.0
12.0 28.0
71.0 66.0
46.0 32.0
61.0 12.0
16.0 88.0
91.0 88.0
97.0 62.0
65.0 47.0
35.0 91.0
28.0 56.0
86.0 84.0
14.0 85.0
93.0 90.0
57.0 97.0
16.0 26.0
83.0 21.0
33.0 67.0
57.0 42.0
69.0 90.0
45.0 93.0
63.0 68.0
71.0 11.0
67.0 94.0
61.0 100.0
52.0 62.0
89.0 79.0
56.0 55.0
87.0 21.0
81.0 61.0
79.0 71.0
48.0 12.0
73.0 65.0
31.0 15.0
12.0 16.0
65.0 57.0
36.0 68.0
52.0 87.0
79.0 85.0
40.0 51.0
57.0 90.0
43.0 57.0
22.0 36.0
27.0 97.0
97.0 61.0
31.0 56.0
37.0 60.0
23.0 14.0
73.0 52.0
24.0 72.0
59.0 33.0
35.0 95.0
56.0 57.0
98.0 77.0
34.0 68.0
66.0 40.0
37.0 61.0
29.0 14.0
11.0 79.0
51.0 67.0
55.0 99.0
57.0 44.0
55.0 60.0
40.0 54.0
89.0 83.0
23.0 81.0
68.0 37.0
91.0 82.0
96.0 88.0
28.0 62.0
76.0 85.0
74.0 22.0
89.0 14.0
94.0 35.0
84.0 66.0
15.0 96.0
17.0 49.0
86.0 38.0
42.0 50.0
71.0 90.0
13.0 21.0
84.0 34.0
45.0 28.0
40.0 100.0
92.0 29.0
61.0 35.0
99.0 45.0
38.0 22.0
69.0 26.0
61.0 20.0
15.0 19.0
88.0 71.0
51.0 44.0
59.0 15.0
61.0 80.0
18.0 50.0
79.0 31.0
63.0 31.0
26.0 89.0
68.0 30.0
98.0 27.0
60.0 72.0
82.0 17.0
71.0 62.0
52.0 23.0
98.0 100.0
17.0 50.0
51.0 59.0
92.0 85.0
66.0 73.0
91.0 85.0
19.0 11.0
75.0 12.0
21.0 54.0
63.0 41.0
56.0 11.0
49.0 51.0
61.0 58.0
24.0 47.0
95.0 29.0
77.0 89.0
31.0 41.0
72.0 59.0
45.0 76.0
50.0 34.0
24.0 97.0
80.0 27.0
88.0 71.0
61.0 43.0
39.0 75.0
83.0 18.0
98.0 92.0
22.0 47.0
40.0 48.0
44.0 29.0
55.0 73.0
33.0 13.0
64.0 83.0
49.0 49.0
12.0 99.0
38.0 56.0
67.0 93.0
14.0 71.0
54.0 74.0
37.0 51.0
65.0 50.0
16.0 47.0
63.0 35.0
59.0 75.0
60.0 65.0
52.0 17.0
60.0 93.0
67.0 21.0
57.0 84.0
16.0 22.0
32.0 15.0
81.0 97.0
59.0 92.0
83.0 34.0
50.0 59.0
45.0 66.0
87.0 23.0
74.0 91.0
35.0 49.0
41.0 24.0
48.0 11.0
28.0 100.0
71.0 22.0
53.0 48.0
14.0 60.0
76.0 40.0
31.0 32.0
53.0 68.0
53.0 76.0
46.0 67.0
72.0 56.0
74.0 33.0
63.0 81.0
58.0 59.0
80.0 23.0
88.0 67.0
73.0 80.0
49.0 61.0
57.0 29.0
58.0 92.0
75.0 56.0
18.0 78.0
74.0 23.0
36.0 55.0
100.0 66.0
96.0 26.0
53.0 30.0
90.0 55.0
85.0 30.0
21.0 58.0
41.0 19.0
56.0 79.0
64.0 58.0
82.0 19.0
92.0 79.0
67.0 19.0
62.0 48.0
100.0 67.0
63.0 94.0
19.0 51.0
86.0 100.0
40.0 45.0
78.0 23.0
40.0 66.0
23.0 75.0
48.0 47.0
27.0 47.0
85.0 98.0
54.0 43.0
83.0 99.0
35.0 91.0
50.0 73.0
48.0 46.0
45.0 21.0
37.0 28.0
32.0 32.0
84.0 48.0
86.0 83.0
96.0 30.0
50.0 75.0
11.0 99.0
13.0 41.0
74.0 40.0
44.0 66.0
59.0 89.0
31.0 19.0
23.0 90.0
56.0 48.0
90.0 98.0
98.0 75.0
89.0 96.0
59.0 41.0
37.0 99.0
35.0 19.0
87.0 88.0
38.0 51.0
93.0 81.0
22.0 30.0
84.0 66.0
45.0 13.0
79.0 63.0
39.0 86.0
60.0 52.0
52.0 30.0
25.0 63.0
33.0 61.0
17.0 15.0
14.0 48.0
15.0 27.0
45.0 61.0
30.0 94.0
56.0 39.0
30.0 55.0
64.0 21.0
56.0 29.0
22.0 39.0
74.0 72.0
35.0 61.0
59.0 55.0
81.0 24.0
53.0 42.0
76.0 40.0
80.0 53.0
97.0 31.0
81.0 57.0
42.0 28.0
65.0 12.0
17.0 92.0
74.0 74.0
67.0 68.0
100.0 77.0
30.0 89.0
20.0 18.0
85.0 74.0
11.0 40.0
77.0 16.0
55.0 23.0
57.0 88.0
33.0 17.0
97.0 19.0
64.0 12.0
98.0 85.0
36.0 78.0
96.0 98.0
41.0 85.0
73.0 68.0
54.0 46.0
52.0 40.0
41.0 29.0
32.0 15.0
81.0 18.0
15.0 48.0
70.0 42.0
45.0 51.0
100.0 64.0
38.0 34.0
94.0 59.0
80.0 79.0
50.0 86.0
80.0 93.0
57.0 57.0
63.0 92.0
40.0 98.0
80.0 12.0
80.0 52.0
58.0 67.0
21.0 99.0
62.0 100.0
75.0 72.0
19.0 29.0
54.0 54.0
11.0 56.0
82.0 22.0
75.0 94.0
85.0 49.0
62.0 16.0
51.0 13.0
43.0 16.0
38.0 72.0
18.0 40.0
52.0 66.0
28.0 31.0
39.0 44.0
13.0 27.0
74.0 88.0
53.0 50.0
87.0 83.0
83.0 49.0
62.0 56.0
67.0 52.0
79.0 78.0
71.0 17.0
97.0 16.0
31.0 80.0
91.0 88.0
15.0 21.0
90.0 49.0
11.0 86.0
80.0 37.0
85.0 93.0
70.0 70.0
50.0 78.0
94.0 30.0
36.0 75.0
71.0 79.0
30.0 58.0
57.0 13.0
47.0 34.0
37.0 44.0
87.0 98.0
80.0 81.0
95.0 18.0
21.0 24.0
64.0 49.0
78.0 26.0
47.0 95.0
99.0 13.0
13.0 60.0
75.0 39.0
84.0 39.0
81.0 12.0
32.0 50.0
24.0 87.0
77.0 15.0
22.0 63.0
98.0 92.0
45.0 70.0
41.0 22.0
60.0 28.0
63.0 86.0
83.0 14.0
80.0 39.0
24.0 63.0
81.0 52.0
54.0 87.0
38.0 73.0
76.0 71.0
58.0 44.0
11.0 82.0
97.0 77.0
15.0 24.0
61.0 43.0
20.0 65.0
14.0 86.0
52.0 76.0
75.0 76.0
12.0 12.0
52.0 95.0
48.0 79.0
75.0 35.0
63.0 32.0
42.0 61.0
84.0 59.0
57.0 49.0
35.0 31.0
47.0 70.0
51.0 55.0
11.0 41.0
27.0 39.0
66.0 49.0
77.0 35.0
62.0 99.0
23.0 75.0
99.0 39.0
77.0 18.0
30.0 95.0
86.0 57.0
