750
6000.0
80.0 15.0
70.0 84.0
69.0 14.0
37.0 78.0
17.0 39.0
23.0 19.0
99.0 13.0
68.0 23.0
98.0 93.0
82.0 70.0
57.0 66.0
92.0 53.0
11.0 31.0
74.0 37.0
37.0 57.0
36.0 78.0
33.0 46.0
91.0 82.0
49.0 66.0
82.0 22.0
84.0 69.0
55.0 28.0
29.0 35.0
45.0 64.0
92.0 65.0
26.0 36.0
96.0 50.0
65.0 28.0
24.0 21.0
75.0 66.0
88.0 51.0
57.0 28.0
99.0 47.0
15.0 18.0
34.0 17.0
49.0 89.0
38.0 53.0
63.0 39.0
70.0 18.0
30.0 74.0
92.0 35.0
45.0 74.0
96.0 94.0
40.0 32.0
50.0 78.0
73.0 64.0
28.0 25.0
28.0 51.0
73.0 35.0
24.0 46.0
70.0 54.0
54.0 84.0
80.0 47.0
42.0 23.0
57.0 75.0
65.0 28.0
24.0 70.0
23.0 72.0
99.0 63.0
29.0 60.0
48.0 90.0
72.0 33.0
19.0 11.0
63.0 67.0
79.0 60.0
14.0 61.0
61.0 71.0
33.0 77.0
43.0 77.0
28.0 11.0
38.0 71.0
88.0 49.0
75.0 88.0
27.0 16.0
32.0 22.0
25.0 83.0
37.0 62.0
80.0 100.0
40.0 88.0
85.0 70.0
30.0 24.0
90.0 29.0
87.0 23.0
31.0 87.0
67.0 27.0
30.0 87.0
16.0 74.0
13.0 75.0
80.0 44.0
96.0 80.0
66.0 74.0
34.0 94.0
96.0 64.0
41.0 51.0
91.0 15.0
33.0 34.0
64.0 85.0
39.0 29.0
21.0 12.0
20.0 96.0
77.0 53.0
62.0 46.0
51.0 13.0
55.0 67.0
95.0 99.0
71.0 63.0
21.0 24.0
45.0 96.0
67.0 48.0
15.0 35.0
22.0 85.0
87.0 22.0
98.0 100.0
66.0 44.0
53.0 16.0
17.0 29.0
43.0 25.0
79.0 90.0
26.0 16.0
90.0 51.0
68.0 76.0
23.0 14.0
81.0 22.0
63.0 59.0
95.0 49.0
36.0 93.0
90.0 11.0
51.0 94.0
83.0 30.0
45.0 84.0
55.0 23.0
52.0 69.0
74.0 93.0
100.0 56.0
99.0 70.0
25.0 43.0
82.0 88.0
55.0 57.0
95.0 60.0
92.0 92.0
42.0 91.0
60.0 79.0
93.0 15.0
25.0 27.0
53.0 62.0
77.0 21.0
30.0 99.0
25.0 83.0
21.0 83.0
11.0 50.0
67.0 82.0
37.0 49.0
68.0 74.0
20.0 60.0
73.0 44.0
93.0 40.0
49.0 62.0
56.0 84.0
59.0 66.0
76.0 22.0
28.0 45.0
17.0 38.0
48.0 95.0
37.0 49.0
69.0 50.0
71.0 34.0
82.0 25.0
78.0 94.0
47.0 52.0
36.0 17.0
82.0 85.0
17.0 98.0
56.0 22.0
36.0 67.0
93.0 63.0
60.0 68.0
65.0 87.0
64.0 27.0
31.0 48.0
40.0 23.0
23.0 88.0
92.0 49.0
35.0 79.0
31.0 92.0
69.0 56.0
42.0 30.0
79.0 39.0
98.0 44.0
32.0 13.0
96.0 58.0
16.0 71.0
85.0 36.0
26.0 40.0
60.0 57.0
79.0 48.0
68.0 65.0
64.0 99.0
15.0 38.0
87.0 70.0
79.0 88.0
31.0 57.0
82.0 92.0
13.0 65.0
78.0 71.0
17.0 60.0
90.0 98.0
68.0 77.0
63.0 93.0
41.0 13.0
39.0 68.0
60.0 95.0
14.0 52.0
42.0 21.0
78.0 39.0
65.0 79.0
81.0 25.0
96.0 51.0
43.0 55.0
96.0 67.0
61.0 35.0
95.0 30.0
91.0 67.0
45.0 23.0
88.0 56.0
37.0 79.0
65.0 45.0
80.0 100.0
28.0 81.0
27.0 73.0
74.0 49.0
79.0 12.0
50.0 46.0
35.0 37.0
67.0 76.0
60.0 25.0
30.0 46.0
54.0 100.0
82.0 60.0
29.0 62.0
12.0 53.0
87.0 89.0
56.0 37.0
95.0 23.0
17.0 92.0
32.0 24.0
32.0 95.0
57.0 78.0
75.0 82.0
15.0 100.0
97.0 93.0
36.0 80.0
96.0 89.0
15.0 74.0
54.0 83.0
72.0 18.0
78.0 35.0
26.0 13.0
82.0 28.0
17.0 89.0
99.0 95.0
30.0 68.0
55.0 82.0
94.0 77.0
96.0 61.0
80.0 51.0
87.0 26.0
82.0 74.0
96.0 59.0
70.0 24.0
73.0 75.0
11.0 73.0
14.0 36.0
32.0 85.0
50.0 15.0
79.0 53.0
23.0 78.0
65.0 17.0
13.0 66.0
89.0 71.0
45.0 28.0
36.0 43.0
77.0 98.0
98.0 21.0
79.0 14.0
43.0 25.0
93.0 58.0
33.0 37.0
38.0 17.0
92.0 76.0
31.0 70.0
91.0 97.0
75.0 38.0
30.0 63.0
100.0 66.0
41.0 25.0
76.0 25.0
93.0 55.0
59.0 39.0
16.0 25.0
87.0 96.0
56.0 83.0
70.0 82.0
38.0 46.0
88.0 87.0
57.0 97.0
20.0 91.0
17.0 23.0
24.0 90.0
96.0 67.0
17.0 35.0
28.0 18.0
51.0 85.0
87.0 23.0
49.0 68.0
34.0 57.0
27.0 66.0
89.0 48.0
57.0 42.0
11.0 69.0
90.0 98.0
52.0 24.0
39.0 13.0
82.0 26.0
27.0 71.0
13.0 27.0
82.0 16.0
48.0 97.0
29.0 84.0
60.0 78.0
25.0 53.0
32.0 31.0
70.0 39.0
49.0 38.0
31.0 43.0
20.0 54.0
29.0 13.0
24.0 30.0
56.0 60.0
56.0 33.0
81.0 84.0
33.0 17.0
65.0 71.0
63.0 50.0
56.0 37.0
30.0 54.0
26.0 38.0
26.0 63.0
99.0 79.0
64.0 15.0
40.0 37.0
11.0 18.0
85.0 75.0
50.0 23.0
50.0 14.0
96.0 43.0
43.0 51.0
16.0 38.0
29.0 41.0
55.0 41.0
12.0 22.0
60.0 30.0
45.0 97.0
82.0 39.0
85.0 38.0
23.0 84.0
73.0 54.0
85.0 13.0
65.0 29.0
91.0 68.0
60.0 51.0
17.0 76.0
23.0 99.0
48.0 86.0
51.0 87.0
93.0 77.0
68.0 21.0
47.0 22.0
81.0 46.0
21.0 19.0
20.0 33.0
31.0 48.0
76.0 96.0
25.0 70.0
40.0 73.0
100.0 84.0
43.0 66.0
18.0 72.0
75.0 20.0
32.0 27.0
42.0 22.0
95.0 97.0
17.0 87.0
55.0 95.0
97.0 36.0
95.0 52.0
34.0 54.0
52.0 36.0
26.0 70.0
36.0 93.0
53.0 74.0
40.0 15.0
63.0 98.0
24.0 20.0
32.0 95.0
16.0 29.0
25.0 48.0
51.0 64.0
90.0 53.0
84.0 67.0
78.0 20.0
14.0 50.0
98.0 24.0
52.0 91.0
78.0 56.0
31.0 59.0
65.0 33.0
34.0 85.0
28.0 33.0
87.0 94.0
41.0 73.0
94.0 40.0
27.0 83.0
19.0 65.0
68.0 41.0
77.0 94.0
94.0 55.0
42.0 22.0
57.0 91.0
16.0 42.0
58.0 91.0
97.0 43.0
36.0 92.0
50.0 11.0
56.0 95.0
14.0 81.0
22.0 21.0
60.0 79.0
93.0 71.0
23.0 74.0
93.0 74.0
93.0 62.0
38.0 14.0
21.0 48.0
35.0 84.0
65.0 14.0
24.0 55.0
23.0 61.0
49.0 66.0
65.0 48.0
81.0 47.0
25.0 33.0
94.0 87.0
17.0 41.0
71.0 72.0
53.0 78.0
96.0 31.0
34.0 91.0
35.0 39.0
62.0 84.0
11.0 72.0
12.0 97.0
75.0 97.0
99.0 11.0
29.0 59.0
79.0 60.0
36.0 18.0
57.0 62.0
20.0 81.0
43.0 18.0
14.0 99.0
53.0 45.0
44.0 29.0
100.0 73.0
61.0 81.0
37.0 96.0
72.0 54.0
70.0 98.0
32.0 95.0
14.0 93.0
24.0 18.0
70.0 33.0
79.0 19.0
50.0 93.0
44.0 44.0
44.0 48.0
18.0 55.0
26.0 34.0
39.0 31.0
65.0 73.0
13.0 58.0
83.0 72.0
76.0 30.0
75.0 56.0
48.0 97.0
43.0 28.0
75.0 35.0
82.0 70.0
27.0 72.0
40.0 82.0
54.0 34.0
54.0 54.0
39.0 64.0
60.0 11.0
38.0 75.0
51.0 52.0
67.0 45.0
44.0 70.0
92.0 78.0
76.0 36.0
68.0 31.0
31.0 25.0
61.0 27.0
51.0 57.0
77.0 92.0
62.0 12.0
94.0 47.0
72.0 40.0
82.0 50.0
88.0 21.0
28.0 89.0
44.0 73.0
54.0 28.0
20.0 40.0
46.0 23.0
53.0 87.0
69.0 57.0
68.0 86.0
61.0 68.0
21.0 86.0
82.0 79.0
13.0 23.0
73.0 62.0
24.0 28.0
84.0 96.0
97.0 42.0
32.0 38.0
65.0 68.0
33.0 90.0
13.0 93.0
53.0 74.0
56.0 47.0
77.0 69.0
85.0 43.0
25.0 91.0
30.0 97.0
78.0 87.0
24.0 20.0
94.0 27.0
26.0 53.0
60.0 91.0
51.0 59.0
57.0 71.0
74.0 69.0
94.0 27.0
63.0 76.0
69.0 44.0
23.0 57.0
45.0 21.0
12.0 18.0
28.0 23.0
47.0 24.0
15.0 92.0
47.0 40.0
56.0 84.0
28.0 54.0
49.0 55.0
73.0 25.0
42.0 68.0
73.0 88.0
39.0 74.0
34.0 97.0
56.0 34.0
94.0 19.0
38.0 13.0
60.0 61.0
89.0 95.0
12.0 91.0
20.0 77.0
68.0 89.0
80.0 60.0
90.0 52.0
33.0 68.0
50.0 49.0
43.0 70.0
40.0 88.0
89.0 47.0
66.0 59.0
46.0 29.0
78.0 94.0
91.0 40.0
76.0 90.0
45.0 83.0
76.0 20.0
21.0 85.0
56.0 97.0
96.0 30.0
89.0 40.0
38.0 91.0
22.0 16.0
82.0 94.0
43.0 68.0
36.0 95.0
14.0 80.0
81.0 47.0
21.0 40.0
47.0 70.0
27.0 41.0
82.0 63.0
30.0 77.0
59.0 42.0
88.0 19.0
15.0 16.0
59.0 22.0
75.0 15.0
64.0 82.0
56.0 47.0
78.0 23.0
18.0 11.0
57.0 32.0
97.0 24.0
33.0 45.0
51.0 77.0
21.0 70.0
52.0 57.0
82.0 81.0
83.0 47.0
73.0 98.0
55.0 52.0
79.0 51.0
61.0 42.0
38.0 59.0
84.0 51.0
57.0 26.0
97.0 96.0
74.0 80.0
41.0 24.0
34.0 68.0
15.0 56.0
18.0 79.0
99.0 13.0
24.0 78.0
44.0 93.0
28.0 45.0
70.0 79.0
11.0 16.0
70.0 83.0
42.0 61.0
24.0 21.0
74.0 12.0
77.0 83.0
50.0 65.0
36.0 68.0
83.0 14.0
36.0 47.0
98.0 57.0
19.0 29.0
47.0 25.0
25.0 53.0
40.0 50.0
26.0 50.0
32.0 19.0
40.0 36.0
92.0 37.0
68.0 83.0
59.0 48.0
94.0 52.0
24.0 78.0
79.0 78.0
48.0 23.0
36.0 98.0
95.0 94.0
44.0 27.0
56.0 58.0
66.0 37.0
87.0 76.0
78.0 49.0
13.0 92.0
12.0 62.0
99.0 34.0
68.0 42.0
26.0 33.0
49.0 91.0
50.0 95.0
64.0 51.0
98.0 99.0
16.0 34.0
46.0 11.0
75.0 68.0
52.0 87.0
42.0 56.0
64.0 65.0
81.0 93.0
30.0 16.0
99.0 24.0
70.0 36.0
47.0 27.0
84.0 64.0
74.0 36.0
59.0 38.0
93.0 96.0
52.0 93.0
52.0 96.0
41.0 73.0
98.0 87.0
82.0 15.0
82.0 71.0
75.0 75.0
58.0 82.0
44.0 66.0
85.0 99.0
87.0 37.0
52.0 49.0
29.0 65.0
81.0 58.0
63.0 45.0
89.0 59.0
82.0 50.0
49.0 39.0
12.0 77.0
78.0 78.0
11.0 25.0
77.0 26.0
97.0 37.0
16.0 17.0
78.0 68.0
19.0 96.0
96.0 51.0
46.0 51.0
40.0 33.0
100.0 40.0
58.0 52.0
73.0 64.0
77.0 23.0
30.0 53.0
21.0 43.0
92.0 35.0
83.0 21.0
80.0 17.0
70.0 19.0
82.0 74.0
53.0 37.0
96.0 77.0
53.0 23.0
93.0 88.0
85.0 12.0
19.0 48.0
59.0 97.0
37.0 43.0
100.0 37.0
14.0 73.0

3 4 12 15 35 39 41 44 47 49 56 57 59 60 65 67 68 70 75 76 78 83 85 86 87 91 99 107 109 110 115 125 127 129 135 140 146 147 148 149 153 160 161 162 171 173 180 182 183 190 197 200 202 204 209 211 224 227 228 236 238 239 243 245 248 250 252 258 260 270 271 272 275 277 289 292 304 305 307 309 311 314 315 318 323 324 326 327 329 334 344 346 350 356 359 361 364 370 371 372 373 379 382 383 386 391 392 395 397 398 403 404 405 410 412 414 416 419 421 422 427 428 431 433 434 438 442 443 445 446 452 456 459 460 463 467 469 474 477 478 482 485 489 493 497 498 501 503 506 519 520 522 524 528 530 537 538 543 544 548 556 561 564 567 569 570 576 577 581 583 584 591 593 594 597 601 602 604 608 622 636 637 638 640 641 642 651 657 659 666 669 676 677 681 682 685 688 700 701 702 712 718 720 725 733 734 745 746 749 --------------------------
for a total value of 15197 and a total weight of 6000
