100
400.0
50.0 87.0
69.0 18.0
31.0 51.0
42.0 98.0
99.0 16.0
79.0 29.0
22.0 50.0
49.0 49.0
70.0 91.0
36.0 11.0
23.0 21.0
29.0 13.0
23.0 39.0
32.0 44.0
49.0 75.0
68.0 100.0
56.0 83.0
87.0 65.0
35.0 19.0
51.0 20.0
55.0 96.0
67.0 33.0
78.0 49.0
44.0 28.0
24.0 88.0
74.0 57.0
11.0 71.0
94.0 15.0
31.0 61.0
44.0 83.0
16.0 75.0
59.0 59.0
62.0 36.0
35.0 21.0
33.0 92.0
88.0 62.0
62.0 100.0
81.0 67.0
91.0 56.0
17.0 92.0
96.0 86.0
70.0 60.0
99.0 50.0
92.0 42.0
57.0 84.0
55.0 63.0
59.0 15.0
67.0 17.0
52.0 92.0
42.0 56.0
40.0 76.0
43.0 26.0
37.0 20.0
81.0 14.0
56.0 45.0
34.0 57.0
67.0 19.0
54.0 56.0
32.0 85.0
32.0 43.0
20.0 79.0
74.0 68.0
25.0 25.0
49.0 97.0
82.0 44.0
86.0 69.0
70.0 11.0
75.0 75.0
48.0 26.0
46.0 78.0
42.0 39.0
33.0 15.0
83.0 48.0
39.0 39.0
47.0 97.0
21.0 90.0
27.0 95.0
39.0 92.0
68.0 23.0
50.0 59.0
11.0 37.0
37.0 39.0
79.0 74.0
68.0 96.0
97.0 93.0
41.0 94.0
26.0 31.0
55.0 64.0
31.0 25.0
97.0 33.0
65.0 76.0
70.0 37.0
45.0 12.0
43.0 20.0
63.0 12.0
19.0 30.0
24.0 76.0
82.0 54.0
43.0 11.0
38.0 75.0
