1000
400.0
81.0 78.0
41.0 66.0
45.0 44.0
14.0 16.0
69.0 64.0
25.0 82.0
48.0 87.0
12.0 20.0
100.0 99.0
12.0 100.0
47.0 45.0
14.0 59.0
62.0 12.0
88.0 94.0
22.0 89.0
16.0 32.0
70.0 61.0
14.0 28.0
51.0 80.0
45.0 15.0
93.0 80.0
85.0 20.0
57.0 44.0
23.0 87.0
71.0 83.0
53.0 59.0
80.0 96.0
42.0 30.0
38.0 60.0
31.0 18.0
61.0 47.0
47.0 91.0
88.0 75.0
95.0 69.0
36.0 84.0
98.0 69.0
97.0 50.0
19.0 20.0
62.0 35.0
40.0 69.0
52.0 78.0
81.0 62.0
90.0 62.0
79.0 62.0
25.0 15.0
45.0 44.0
88.0 50.0
22.0 71.0
54.0 29.0
86.0 19.0
11.0 61.0
89.0 67.0
52.0 92.0
56.0 33.0
35.0 40.0
66.0 24.0
81.0 81.0
80.0 35.0
73.0 31.0
60.0 25.0
65.0 85.0
48.0 47.0
53.0 100.0
29.0 19.0
73.0 83.0
26.0 48.0
87.0 32.0
69.0 46.0
48.0 42.0
88.0 15.0
81.0 70.0
27.0 54.0
61.0 19.0
47.0 27.0
61.0 76.0
84.0 49.0
60.0 41.0
75.0 85.0
85.0 65.0
73.0 11.0
20.0 94.0
68.0 65.0
54.0 65.0
93.0 46.0
77.0 44.0
60.0 76.0
45.0 94.0
57.0 57.0
73.0 84.0
38.0 64.0
90.0 14.0
29.0 63.0
52.0 19.0
89.0 33.0
75.0 13.0
71.0 45.0
96.0 63.0
52.0 90.0
51.0 98.0
26.0 41.0
97.0 25.0
67.0 39.0
88.0 41.0
90.0 38.0
39.0 42.0
25.0 69.0
67.0 56.0
27.0 77.0
68.0 47.0
81.0 26.0
20.0 68.0
85.0 22.0
44.0 90.0
29.0 55.0
49.0 75.0
39.0 79.0
18.0 22.0
53.0 42.0
47.0 68.0
44.0 76.0
45.0 20.0
97.0 67.0
37.0 79.0
15.0 58.0
50.0 39.0
16.0 27.0
43.0 84.0
14.0 79.0
76.0 94.0
15.0 45.0
98.0 45.0
67.0 57.0
84.0 39.0
26.0 42.0
19.0 84.0
85.0 74.0
82.0 92.0
58.0 35.0
66.0 37.0
92.0 86.0
93.0 64.0
72.0 50.0
22.0 63.0
28.0 94.0
92.0 69.0
23.0 72.0
21.0 27.0
57.0 14.0
90.0 57.0
34.0 58.0
47.0 13.0
76.0 45.0
46.0 52.0
72.0 99.0
63.0 30.0
30.0 27.0
89.0 15.0
80.0 48.0
77.0 13.0
70.0 71.0
93.0 99.0
66.0 27.0
76.0 27.0
64.0 59.0
97.0 87.0
80.0 55.0
22.0 65.0
95.0 62.0
28.0 15.0
97.0 62.0
54.0 13.0
23.0 69.0
21.0 39.0
80.0 69.0
20.0 15.0
63.0 91.0
51.0 24.0
98.0 81.0
25.0 34.0
86.0 98.0
98.0 100.0
64.0 94.0
94.0 85.0
34.0 45.0
29.0 12.0
57.0 53.0
72.0 62.0
50.0 74.0
15.0 93.0
76.0 52.0
25.0 89.0
42.0 70.0
42.0 16.0
79.0 68.0
58.0 87.0
86.0 95.0
20.0 60.0
17.0 44.0
14.0 14.0
83.0 97.0
34.0 23.0
76.0 76.0
50.0 74.0
24.0 100.0
100.0 91.0
43.0 16.0
12.0 54.0
99.0 46.0
81.0 20.0
53.0 63.0
11.0 67.0
81.0 31.0
13.0 34.0
28.0 19.0
52.0 27.0
49.0 83.0
68.0 41.0
40.0 70.0
49.0 99.0
89.0 84.0
89.0 23.0
97.0 56.0
41.0 66.0
62.0 63.0
18.0 27.0
81.0 66.0
66.0 29.0
17.0 69.0
32.0 39.0
75.0 81.0
45.0 59.0
100.0 23.0
57.0 74.0
95.0 78.0
25.0 75.0
56.0 16.0
84.0 59.0
50.0 45.0
58.0 90.0
33.0 49.0
35.0 24.0
32.0 71.0
97.0 33.0
34.0 76.0
72.0 57.0
70.0 74.0
70.0 45.0
54.0 73.0
58.0 30.0
55.0 78.0
96.0 36.0
96.0 37.0
35.0 16.0
55.0 20.0
83.0 47.0
95.0 61.0
36.0 12.0
76.0 28.0
87.0 70.0
93.0 74.0
99.0 59.0
88.0 68.0
20.0 76.0
23.0 30.0
28.0 78.0
24.0 39.0
59.0 18.0
69.0 11.0
32.0 34.0
94.0 31.0
55.0 22.0
81.0 61.0
37.0 35.0
17.0 89.0
44.0 90.0
23.0 75.0
19.0 49.0
84.0 68.0
47.0 57.0
92.0 53.0
60.0 14.0
80.0 51.0
72.0 66.0
65.0 27.0
49.0 13.0
90.0 57.0
51.0 84.0
91.0 13.0
81.0 55.0
81.0 33.0
49.0 65.0
87.0 11.0
92.0 63.0
56.0 57.0
20.0 43.0
66.0 75.0
55.0 15.0
31.0 95.0
88.0 46.0
17.0 53.0
71.0 13.0
11.0 77.0
33.0 77.0
91.0 33.0
68.0 59.0
73.0 99.0
32.0 79.0
67.0 54.0
84.0 88.0
65.0 89.0
83.0 88.0
88.0 12.0
71.0 86.0
38.0 51.0
47.0 90.0
69.0 12.0
16.0 28.0
58.0 26.0
16.0 28.0
34.0 18.0
11.0 39.0
20.0 16.0
82.0 31.0
14.0 52.0
86.0 97.0
76.0 41.0
91.0 61.0
75.0 56.0
66.0 49.0
58.0 80.0
44.0 87.0
42.0 43.0
89.0 66.0
14.0 73.0
87.0 58.0
32.0 81.0
90.0 33.0
66.0 63.0
89.0 35.0
61.0 70.0
56.0 27.0
46.0 48.0
29.0 92.0
36.0 81.0
73.0 35.0
29.0 65.0
45.0 91.0
68.0 68.0
37.0 83.0
45.0 96.0
95.0 48.0
78.0 40.0
45.0 96.0
67.0 56.0
12.0 84.0
77.0 71.0
81.0 73.0
61.0 20.0
96.0 37.0
77.0 69.0
42.0 68.0
34.0 94.0
79.0 49.0
28.0 76.0
93.0 82.0
31.0 81.0
60.0 64.0
61.0 84.0
99.0 93.0
40.0 43.0
14.0 55.0
61.0 50.0
66.0 96.0
59.0 27.0
29.0 83.0
27.0 32.0
92.0 93.0
35.0 69.0
77.0 83.0
65.0 46.0
54.0 11.0
95.0 67.0
37.0 82.0
96.0 38.0
79.0 20.0
83.0 37.0
15.0 87.0
30.0 66.0
38.0 42.0
100.0 34.0
72.0 79.0
48.0 71.0
97.0 86.0
51.0 66.0
56.0 58.0
83.0 35.0
47.0 56.0
100.0 76.0
47.0 26.0
41.0 14.0
12.0 79.0
56.0 82.0
30.0 55.0
76.0 27.0
60.0 19.0
83.0 24.0
57.0 40.0
29.0 90.0
54.0 72.0
30.0 31.0
23.0 26.0
12.0 94.0
46.0 92.0
57.0 86.0
15.0 71.0
81.0 82.0
36.0 84.0
14.0 70.0
75.0 44.0
65.0 50.0
11.0 13.0
64.0 34.0
91.0 25.0
34.0 28.0
57.0 85.0
91.0 72.0
35.0 40.0
38.0 52.0
96.0 37.0
60.0 34.0
73.0 13.0
22.0 11.0
11.0 58.0
30.0 97.0
56.0 51.0
92.0 78.0
47.0 12.0
36.0 23.0
42.0 16.0
74.0 42.0
77.0 28.0
56.0 64.0
63.0 13.0
38.0 19.0
59.0 55.0
65.0 11.0
97.0 93.0
90.0 41.0
39.0 34.0
58.0 37.0
37.0 38.0
60.0 93.0
41.0 51.0
91.0 77.0
63.0 68.0
65.0 40.0
51.0 65.0
55.0 27.0
77.0 34.0
13.0 90.0
34.0 68.0
95.0 31.0
63.0 69.0
43.0 54.0
38.0 77.0
16.0 97.0
90.0 22.0
92.0 30.0
17.0 59.0
47.0 65.0
38.0 13.0
56.0 95.0
40.0 93.0
26.0 30.0
12.0 62.0
91.0 68.0
93.0 66.0
53.0 26.0
14.0 60.0
21.0 95.0
23.0 84.0
46.0 87.0
53.0 52.0
55.0 88.0
40.0 50.0
22.0 29.0
75.0 20.0
26.0 82.0
90.0 52.0
38.0 30.0
26.0 94.0
73.0 64.0
65.0 100.0
53.0 38.0
87.0 31.0
20.0 21.0
70.0 52.0
52.0 52.0
73.0 78.0
45.0 55.0
39.0 99.0
16.0 66.0
78.0 80.0
43.0 14.0
11.0 48.0
31.0 19.0
98.0 81.0
54.0 28.0
56.0 80.0
37.0 82.0
20.0 59.0
51.0 77.0
97.0 13.0
51.0 40.0
92.0 44.0
31.0 18.0
30.0 58.0
12.0 17.0
48.0 57.0
63.0 30.0
16.0 25.0
98.0 77.0
32.0 83.0
40.0 57.0
30.0 34.0
33.0 28.0
31.0 30.0
12.0 60.0
16.0 87.0
29.0 56.0
18.0 89.0
35.0 87.0
21.0 36.0
58.0 88.0
79.0 20.0
49.0 86.0
74.0 97.0
65.0 15.0
53.0 54.0
41.0 71.0
84.0 79.0
90.0 54.0
97.0 94.0
92.0 18.0
24.0 40.0
17.0 100.0
38.0 47.0
13.0 77.0
40.0 62.0
43.0 68.0
29.0 70.0
56.0 100.0
22.0 67.0
42.0 97.0
47.0 54.0
22.0 67.0
69.0 54.0
99.0 29.0
78.0 32.0
22.0 60.0
18.0 67.0
30.0 87.0
69.0 96.0
97.0 63.0
25.0 81.0
48.0 85.0
45.0 46.0
81.0 13.0
13.0 17.0
70.0 100.0
80.0 58.0
55.0 20.0
18.0 26.0
71.0 37.0
27.0 53.0
90.0 32.0
69.0 21.0
21.0 67.0
53.0 60.0
47.0 58.0
47.0 60.0
30.0 81.0
82.0 57.0
91.0 35.0
100.0 56.0
87.0 93.0
20.0 89.0
60.0 68.0
44.0 90.0
45.0 24.0
66.0 54.0
15.0 68.0
49.0 22.0
43.0 64.0
61.0 96.0
11.0 76.0
71.0 34.0
57.0 86.0
82.0 99.0
63.0 64.0
20.0 66.0
72.0 33.0
84.0 88.0
33.0 48.0
97.0 38.0
47.0 55.0
16.0 24.0
92.0 45.0
92.0 58.0
45.0 99.0
74.0 50.0
43.0 19.0
76.0 52.0
68.0 31.0
84.0 59.0
50.0 42.0
88.0 21.0
64.0 68.0
88.0 43.0
26.0 36.0
94.0 57.0
26.0 16.0
17.0 74.0
56.0 43.0
69.0 68.0
96.0 44.0
70.0 98.0
92.0 81.0
95.0 82.0
100.0 70.0
36.0 23.0
67.0 62.0
22.0 49.0
72.0 88.0
43.0 88.0
91.0 81.0
15.0 31.0
43.0 65.0
58.0 50.0
32.0 15.0
67.0 49.0
73.0 18.0
19.0 27.0
13.0 86.0
85.0 36.0
66.0 51.0
40.0 19.0
36.0 29.0
97.0 22.0
85.0 50.0
90.0 19.0
54.0 93.0
78.0 53.0
26.0 24.0
12.0 58.0
26.0 67.0
86.0 54.0
72.0 98.0
25.0 22.0
42.0 45.0
28.0 88.0
32.0 14.0
22.0 16.0
53.0 50.0
73.0 60.0
52.0 26.0
36.0 21.0
56.0 40.0
73.0 36.0
68.0 43.0
45.0 81.0
41.0 39.0
25.0 17.0
26.0 23.0
42.0 86.0
68.0 41.0
70.0 11.0
16.0 40.0
23.0 47.0
68.0 91.0
68.0 42.0
62.0 69.0
15.0 91.0
67.0 70.0
39.0 69.0
12.0 59.0
47.0 51.0
33.0 26.0
77.0 53.0
76.0 40.0
75.0 50.0
47.0 63.0
76.0 59.0
59.0 99.0
48.0 72.0
48.0 23.0
100.0 94.0
44.0 41.0
82.0 60.0
70.0 98.0
57.0 78.0
19.0 89.0
70.0 62.0
52.0 100.0
66.0 64.0
64.0 60.0
92.0 54.0
84.0 13.0
97.0 81.0
39.0 23.0
77.0 77.0
37.0 59.0
46.0 26.0
21.0 20.0
64.0 25.0
84.0 88.0
84.0 31.0
63.0 89.0
72.0 63.0
40.0 81.0
56.0 55.0
76.0 99.0
50.0 71.0
24.0 19.0
24.0 51.0
20.0 48.0
58.0 54.0
51.0 33.0
87.0 16.0
44.0 83.0
40.0 76.0
50.0 33.0
14.0 18.0
98.0 46.0
40.0 81.0
81.0 28.0
84.0 77.0
87.0 47.0
18.0 14.0
16.0 29.0
93.0 86.0
95.0 93.0
56.0 22.0
86.0 85.0
76.0 18.0
40.0 92.0
47.0 52.0
37.0 91.0
56.0 56.0
100.0 86.0
12.0 17.0
18.0 23.0
28.0 19.0
67.0 28.0
35.0 46.0
36.0 74.0
41.0 52.0
48.0 58.0
37.0 59.0
73.0 72.0
92.0 27.0
79.0 81.0
30.0 89.0
93.0 84.0
65.0 51.0
97.0 73.0
22.0 29.0
67.0 39.0
82.0 56.0
33.0 25.0
19.0 20.0
78.0 68.0
17.0 74.0
76.0 27.0
25.0 38.0
52.0 61.0
39.0 19.0
72.0 45.0
24.0 69.0
22.0 68.0
71.0 50.0
81.0 45.0
89.0 54.0
42.0 77.0
91.0 45.0
97.0 80.0
95.0 14.0
44.0 29.0
17.0 94.0
51.0 12.0
83.0 27.0
34.0 58.0
85.0 72.0
38.0 23.0
65.0 23.0
50.0 11.0
54.0 12.0
67.0 33.0
16.0 84.0
41.0 43.0
14.0 37.0
20.0 95.0
91.0 77.0
21.0 98.0
30.0 38.0
84.0 84.0
16.0 86.0
57.0 92.0
63.0 59.0
56.0 20.0
53.0 70.0
57.0 45.0
22.0 46.0
14.0 74.0
59.0 11.0
32.0 54.0
95.0 92.0
95.0 70.0
87.0 63.0
65.0 58.0
17.0 76.0
98.0 79.0
31.0 40.0
39.0 30.0
52.0 29.0
19.0 55.0
24.0 18.0
55.0 90.0
49.0 33.0
97.0 90.0
73.0 43.0
67.0 16.0
60.0 40.0
64.0 40.0
51.0 60.0
41.0 75.0
59.0 12.0
41.0 63.0
83.0 36.0
35.0 12.0
59.0 82.0
89.0 61.0
93.0 12.0
71.0 19.0
53.0 40.0
56.0 55.0
94.0 45.0
46.0 22.0
73.0 40.0
36.0 35.0
80.0 11.0
87.0 51.0
14.0 20.0
89.0 94.0
49.0 22.0
15.0 53.0
70.0 82.0
80.0 16.0
62.0 36.0
70.0 73.0
20.0 74.0
80.0 24.0
30.0 16.0
48.0 23.0
69.0 21.0
84.0 39.0
42.0 43.0
70.0 21.0
65.0 55.0
58.0 75.0
66.0 39.0
35.0 84.0
47.0 45.0
63.0 43.0
89.0 47.0
42.0 26.0
77.0 72.0
74.0 13.0
65.0 41.0
28.0 83.0
14.0 86.0
24.0 54.0
71.0 30.0
81.0 41.0
46.0 53.0
89.0 44.0
14.0 87.0
38.0 57.0
40.0 12.0
93.0 55.0
26.0 63.0
80.0 44.0
81.0 16.0
98.0 26.0
61.0 57.0
79.0 22.0
60.0 69.0
19.0 43.0
30.0 31.0
61.0 54.0
84.0 74.0
57.0 76.0
73.0 31.0
28.0 87.0
57.0 46.0
74.0 53.0
38.0 17.0
26.0 69.0
12.0 81.0
79.0 29.0
39.0 42.0
64.0 23.0
52.0 11.0
81.0 28.0
74.0 43.0
24.0 34.0
31.0 32.0
88.0 19.0
79.0 49.0
70.0 42.0
67.0 89.0
58.0 39.0
13.0 11.0
24.0 91.0
77.0 49.0
90.0 89.0
18.0 100.0
56.0 65.0
57.0 25.0
57.0 100.0
64.0 45.0
14.0 28.0
49.0 22.0
82.0 79.0
100.0 54.0
87.0 26.0
45.0 13.0
42.0 48.0
74.0 17.0
92.0 29.0
71.0 92.0
46.0 61.0
91.0 29.0
59.0 24.0
89.0 13.0
85.0 81.0
98.0 89.0
41.0 31.0
60.0 41.0
80.0 48.0
59.0 46.0
65.0 41.0
93.0 70.0
61.0 29.0
85.0 77.0
97.0 80.0
77.0 97.0
78.0 57.0
63.0 89.0
87.0 72.0
83.0 96.0
37.0 91.0
66.0 56.0
82.0 78.0
70.0 48.0
17.0 73.0
54.0 86.0
54.0 71.0
49.0 46.0
64.0 81.0
89.0 84.0
45.0 97.0
59.0 24.0
36.0 82.0
87.0 44.0
18.0 57.0
11.0 95.0
49.0 69.0
59.0 39.0
85.0 27.0
70.0 63.0
65.0 84.0
64.0 89.0
20.0 69.0
14.0 55.0
59.0 77.0
56.0 36.0
81.0 62.0
54.0 96.0
18.0 53.0
89.0 96.0
93.0 77.0
22.0 36.0
13.0 92.0
54.0 11.0
61.0 25.0
33.0 25.0
93.0 25.0
70.0 79.0
35.0 94.0
