100
800.0
14.0 48.0
21.0 86.0
28.0 12.0
81.0 79.0
72.0 26.0
85.0 46.0
91.0 58.0
80.0 52.0
30.0 90.0
71.0 82.0
80.0 84.0
27.0 64.0
58.0 30.0
44.0 68.0
99.0 33.0
60.0 90.0
29.0 29.0
73.0 15.0
24.0 24.0
30.0 99.0
31.0 77.0
32.0 39.0
47.0 63.0
88.0 27.0
59.0 16.0
49.0 82.0
19.0 90.0
57.0 67.0
52.0 63.0
89.0 31.0
26.0 54.0
84.0 35.0
30.0 13.0
90.0 98.0
94.0 78.0
26.0 89.0
79.0 93.0
70.0 31.0
48.0 62.0
16.0 83.0
29.0 65.0
57.0 40.0
19.0 61.0
27.0 42.0
88.0 82.0
66.0 32.0
81.0 89.0
41.0 88.0
14.0 68.0
20.0 38.0
23.0 78.0
92.0 54.0
13.0 86.0
54.0 64.0
86.0 93.0
46.0 20.0
83.0 33.0
75.0 90.0
93.0 87.0
99.0 33.0
90.0 94.0
81.0 35.0
71.0 31.0
75.0 76.0
69.0 93.0
45.0 35.0
35.0 11.0
24.0 22.0
66.0 14.0
65.0 62.0
88.0 89.0
48.0 77.0
52.0 53.0
31.0 29.0
74.0 32.0
57.0 58.0
90.0 44.0
57.0 99.0
48.0 60.0
84.0 41.0
12.0 26.0
43.0 15.0
50.0 31.0
69.0 53.0
81.0 97.0
51.0 70.0
72.0 18.0
95.0 62.0
86.0 35.0
40.0 16.0
98.0 22.0
63.0 34.0
52.0 54.0
13.0 45.0
20.0 49.0
43.0 44.0
71.0 65.0
49.0 39.0
83.0 12.0
30.0 21.0



