100
1000.0
93.0 91.0
13.0 42.0
62.0 55.0
20.0 54.0
83.0 93.0
59.0 33.0
68.0 40.0
55.0 75.0
84.0 66.0
76.0 11.0
75.0 61.0
15.0 96.0
64.0 84.0
23.0 14.0
76.0 25.0
80.0 20.0
74.0 19.0
19.0 20.0
18.0 20.0
87.0 21.0
48.0 98.0
85.0 11.0
88.0 24.0
98.0 32.0
68.0 28.0
31.0 67.0
30.0 30.0
63.0 41.0
89.0 20.0
98.0 57.0
91.0 31.0
55.0 46.0
76.0 37.0
69.0 93.0
73.0 80.0
87.0 51.0
33.0 68.0
83.0 86.0
56.0 68.0
35.0 18.0
45.0 76.0
63.0 19.0
94.0 26.0
11.0 56.0
48.0 28.0
100.0 99.0
29.0 54.0
70.0 19.0
96.0 26.0
75.0 43.0
64.0 57.0
38.0 85.0
73.0 25.0
25.0 14.0
93.0 20.0
62.0 28.0
55.0 93.0
71.0 67.0
31.0 70.0
84.0 30.0
12.0 13.0
50.0 29.0
57.0 77.0
29.0 59.0
36.0 82.0
39.0 60.0
38.0 38.0
67.0 55.0
53.0 28.0
42.0 50.0
39.0 76.0
25.0 93.0
74.0 42.0
43.0 19.0
94.0 52.0
94.0 99.0
80.0 61.0
66.0 47.0
16.0 30.0
76.0 75.0
37.0 79.0
69.0 44.0
82.0 32.0
70.0 34.0
37.0 89.0
74.0 80.0
41.0 98.0
87.0 51.0
51.0 55.0
41.0 98.0
20.0 46.0
22.0 88.0
58.0 20.0
90.0 44.0
30.0 47.0
87.0 89.0
85.0 71.0
21.0 72.0
87.0 94.0
67.0 67.0
