200
400.0
40.0 50.0
16.0 58.0
77.0 14.0
78.0 50.0
84.0 14.0
16.0 72.0
30.0 69.0
55.0 41.0
19.0 32.0
58.0 12.0
91.0 82.0
39.0 56.0
96.0 42.0
94.0 75.0
59.0 32.0
34.0 74.0
65.0 50.0
40.0 14.0
76.0 22.0
53.0 62.0
84.0 69.0
64.0 14.0
30.0 90.0
84.0 64.0
53.0 27.0
39.0 80.0
64.0 78.0
13.0 26.0
40.0 86.0
57.0 38.0
92.0 38.0
67.0 78.0
84.0 19.0
79.0 20.0
42.0 18.0
23.0 64.0
26.0 76.0
65.0 26.0
30.0 71.0
86.0 89.0
53.0 43.0
97.0 11.0
43.0 62.0
67.0 56.0
97.0 35.0
46.0 89.0
77.0 19.0
71.0 69.0
45.0 64.0
33.0 98.0
68.0 28.0
73.0 60.0
89.0 63.0
46.0 86.0
82.0 67.0
71.0 100.0
74.0 48.0
21.0 38.0
13.0 60.0
20.0 65.0
87.0 61.0
16.0 51.0
75.0 80.0
61.0 57.0
33.0 95.0
16.0 75.0
87.0 86.0
97.0 28.0
52.0 76.0
76.0 94.0
46.0 15.0
81.0 21.0
90.0 97.0
68.0 28.0
99.0 87.0
71.0 84.0
33.0 54.0
49.0 60.0
38.0 50.0
80.0 47.0
54.0 76.0
35.0 52.0
55.0 35.0
20.0 11.0
46.0 30.0
92.0 24.0
64.0 73.0
11.0 22.0
47.0 35.0
39.0 87.0
16.0 20.0
75.0 92.0
76.0 43.0
68.0 41.0
85.0 87.0
47.0 82.0
41.0 19.0
89.0 27.0
40.0 98.0
39.0 77.0
21.0 13.0
25.0 58.0
65.0 49.0
70.0 41.0
11.0 45.0
62.0 44.0
83.0 24.0
96.0 87.0
18.0 33.0
30.0 47.0
87.0 35.0
39.0 49.0
45.0 25.0
46.0 22.0
29.0 26.0
80.0 58.0
53.0 49.0
32.0 38.0
47.0 84.0
21.0 99.0
50.0 68.0
88.0 84.0
49.0 38.0
100.0 24.0
17.0 24.0
38.0 13.0
13.0 98.0
62.0 67.0
76.0 32.0
96.0 29.0
92.0 83.0
97.0 20.0
29.0 81.0
27.0 33.0
87.0 32.0
15.0 29.0
85.0 12.0
44.0 37.0
15.0 41.0
36.0 17.0
74.0 36.0
67.0 80.0
69.0 49.0
28.0 99.0
62.0 39.0
14.0 81.0
97.0 89.0
58.0 78.0
75.0 39.0
11.0 94.0
49.0 63.0
38.0 26.0
14.0 80.0
72.0 41.0
85.0 90.0
12.0 77.0
50.0 95.0
83.0 96.0
68.0 15.0
45.0 84.0
13.0 22.0
84.0 64.0
43.0 42.0
98.0 77.0
12.0 87.0
80.0 63.0
33.0 22.0
29.0 21.0
20.0 84.0
90.0 37.0
78.0 50.0
69.0 52.0
70.0 74.0
85.0 19.0
24.0 75.0
61.0 85.0
28.0 57.0
61.0 69.0
83.0 95.0
75.0 82.0
13.0 64.0
88.0 56.0
77.0 50.0
96.0 58.0
65.0 85.0
72.0 23.0
49.0 73.0
77.0 17.0
13.0 60.0
11.0 18.0
32.0 32.0
49.0 85.0
58.0 88.0
63.0 88.0
13.0 41.0
82.0 89.0
62.0 85.0
68.0 16.0
81.0 16.0
100.0 40.0
