350
400.0
100.0 85.0
99.0 76.0
61.0 21.0
95.0 44.0
12.0 89.0
89.0 66.0
76.0 53.0
39.0 17.0
14.0 82.0
33.0 57.0
66.0 12.0
61.0 85.0
63.0 96.0
66.0 42.0
31.0 88.0
92.0 38.0
33.0 92.0
73.0 80.0
21.0 63.0
87.0 30.0
60.0 84.0
33.0 87.0
15.0 61.0
17.0 73.0
31.0 57.0
66.0 74.0
70.0 39.0
22.0 89.0
77.0 37.0
62.0 52.0
28.0 65.0
55.0 25.0
31.0 89.0
28.0 60.0
26.0 91.0
28.0 18.0
35.0 15.0
62.0 78.0
35.0 21.0
73.0 27.0
100.0 74.0
76.0 74.0
30.0 11.0
24.0 29.0
79.0 18.0
26.0 56.0
65.0 36.0
84.0 21.0
39.0 25.0
69.0 16.0
19.0 42.0
44.0 60.0
13.0 68.0
94.0 63.0
49.0 30.0
98.0 67.0
80.0 78.0
98.0 75.0
92.0 62.0
98.0 25.0
35.0 28.0
79.0 16.0
34.0 24.0
80.0 70.0
96.0 15.0
47.0 57.0
24.0 89.0
89.0 34.0
45.0 50.0
57.0 88.0
33.0 38.0
18.0 98.0
93.0 35.0
58.0 31.0
76.0 47.0
11.0 19.0
18.0 62.0
60.0 64.0
16.0 64.0
91.0 27.0
92.0 24.0
48.0 18.0
35.0 81.0
60.0 100.0
69.0 88.0
44.0 96.0
63.0 66.0
77.0 72.0
74.0 44.0
21.0 79.0
92.0 66.0
75.0 35.0
74.0 14.0
93.0 20.0
38.0 54.0
35.0 23.0
86.0 16.0
13.0 96.0
18.0 33.0
44.0 44.0
67.0 28.0
60.0 48.0
92.0 16.0
82.0 49.0
89.0 61.0
59.0 70.0
21.0 27.0
39.0 87.0
86.0 23.0
95.0 64.0
13.0 12.0
89.0 90.0
64.0 88.0
85.0 24.0
64.0 21.0
17.0 74.0
63.0 42.0
49.0 86.0
26.0 50.0
96.0 37.0
77.0 74.0
47.0 84.0
62.0 97.0
77.0 34.0
47.0 92.0
40.0 70.0
64.0 82.0
72.0 98.0
19.0 99.0
87.0 87.0
45.0 31.0
60.0 87.0
48.0 37.0
64.0 61.0
64.0 22.0
20.0 57.0
93.0 22.0
74.0 36.0
41.0 30.0
100.0 62.0
11.0 42.0
82.0 47.0
19.0 47.0
45.0 90.0
75.0 30.0
21.0 82.0
25.0 30.0
74.0 84.0
64.0 78.0
25.0 39.0
94.0 87.0
93.0 78.0
61.0 20.0
16.0 74.0
26.0 29.0
17.0 76.0
30.0 100.0
63.0 87.0
60.0 49.0
44.0 54.0
20.0 71.0
44.0 88.0
11.0 35.0
28.0 58.0
44.0 77.0
16.0 50.0
38.0 37.0
29.0 28.0
92.0 71.0
62.0 82.0
22.0 17.0
60.0 27.0
34.0 59.0
81.0 44.0
93.0 76.0
72.0 55.0
60.0 13.0
21.0 29.0
14.0 80.0
34.0 78.0
86.0 91.0
25.0 12.0
73.0 26.0
12.0 41.0
69.0 12.0
65.0 41.0
25.0 30.0
98.0 52.0
65.0 98.0
52.0 56.0
38.0 53.0
18.0 43.0
30.0 85.0
76.0 77.0
24.0 55.0
42.0 67.0
23.0 43.0
82.0 35.0
77.0 89.0
34.0 15.0
15.0 15.0
96.0 40.0
14.0 81.0
72.0 90.0
82.0 25.0
37.0 11.0
63.0 38.0
68.0 72.0
69.0 13.0
23.0 99.0
67.0 39.0
52.0 22.0
87.0 75.0
78.0 18.0
79.0 11.0
31.0 15.0
45.0 72.0
52.0 33.0
29.0 99.0
90.0 97.0
23.0 26.0
87.0 44.0
87.0 63.0
91.0 94.0
19.0 48.0
20.0 100.0
75.0 82.0
88.0 34.0
46.0 100.0
44.0 41.0
71.0 13.0
48.0 59.0
99.0 18.0
32.0 98.0
51.0 18.0
90.0 56.0
99.0 38.0
66.0 68.0
84.0 46.0
75.0 35.0
58.0 22.0
21.0 12.0
82.0 76.0
37.0 83.0
28.0 53.0
43.0 72.0
61.0 93.0
28.0 89.0
64.0 79.0
57.0 79.0
42.0 99.0
78.0 39.0
97.0 95.0
73.0 55.0
41.0 16.0
88.0 60.0
73.0 40.0
16.0 54.0
98.0 67.0
30.0 92.0
47.0 73.0
25.0 61.0
84.0 59.0
90.0 99.0
67.0 100.0
93.0 74.0
31.0 76.0
23.0 36.0
55.0 31.0
29.0 57.0
79.0 94.0
45.0 49.0
23.0 75.0
90.0 18.0
50.0 83.0
63.0 80.0
61.0 32.0
54.0 61.0
70.0 67.0
80.0 28.0
39.0 11.0
20.0 27.0
59.0 65.0
24.0 72.0
47.0 83.0
26.0 19.0
47.0 86.0
32.0 34.0
52.0 19.0
41.0 85.0
20.0 62.0
58.0 60.0
50.0 98.0
16.0 68.0
67.0 18.0
64.0 90.0
31.0 19.0
32.0 27.0
53.0 24.0
63.0 98.0
43.0 64.0
23.0 51.0
55.0 50.0
41.0 76.0
24.0 68.0
56.0 65.0
39.0 23.0
54.0 79.0
47.0 16.0
41.0 100.0
23.0 51.0
63.0 72.0
19.0 53.0
36.0 27.0
95.0 27.0
48.0 57.0
100.0 39.0
40.0 84.0
60.0 88.0
99.0 66.0
95.0 62.0
67.0 54.0
53.0 92.0
59.0 33.0
40.0 27.0
98.0 42.0
90.0 22.0
17.0 49.0
87.0 53.0
85.0 32.0
74.0 31.0
51.0 19.0
20.0 98.0
16.0 72.0
93.0 62.0
23.0 97.0
98.0 22.0
79.0 67.0
32.0 58.0
94.0 79.0
34.0 24.0
85.0 34.0
59.0 66.0
51.0 87.0
50.0 86.0
35.0 69.0
83.0 58.0
78.0 72.0
70.0 31.0
59.0 78.0
