500
4000.0
60.0 63.0
52.0 69.0
44.0 95.0
73.0 18.0
49.0 41.0
95.0 76.0
36.0 53.0
15.0 52.0
28.0 58.0
27.0 41.0
100.0 38.0
100.0 99.0
66.0 25.0
84.0 70.0
21.0 92.0
22.0 26.0
29.0 41.0
94.0 56.0
86.0 39.0
38.0 61.0
16.0 71.0
38.0 44.0
77.0 38.0
93.0 89.0
28.0 93.0
17.0 83.0
82.0 46.0
55.0 63.0
56.0 43.0
30.0 58.0
73.0 28.0
87.0 67.0
75.0 33.0
65.0 72.0
25.0 76.0
57.0 35.0
93.0 44.0
14.0 98.0
11.0 85.0
52.0 19.0
80.0 12.0
37.0 25.0
76.0 78.0
23.0 97.0
62.0 100.0
34.0 78.0
40.0 54.0
12.0 41.0
17.0 99.0
82.0 64.0
97.0 69.0
87.0 80.0
48.0 59.0
50.0 100.0
51.0 99.0
79.0 93.0
89.0 96.0
79.0 94.0
53.0 83.0
19.0 42.0
20.0 70.0
73.0 45.0
74.0 57.0
29.0 70.0
14.0 76.0
20.0 13.0
76.0 64.0
95.0 30.0
77.0 41.0
20.0 17.0
13.0 27.0
73.0 18.0
97.0 12.0
62.0 16.0
74.0 78.0
23.0 75.0
87.0 29.0
100.0 36.0
54.0 49.0
15.0 55.0
63.0 24.0
54.0 48.0
94.0 12.0
51.0 35.0
41.0 31.0
90.0 86.0
42.0 72.0
18.0 56.0
99.0 66.0
33.0 16.0
17.0 16.0
53.0 14.0
25.0 100.0
18.0 83.0
71.0 14.0
43.0 43.0
66.0 78.0
13.0 92.0
78.0 82.0
82.0 51.0
14.0 24.0
67.0 70.0
12.0 69.0
16.0 99.0
92.0 80.0
29.0 76.0
32.0 77.0
69.0 71.0
24.0 28.0
37.0 92.0
46.0 58.0
21.0 22.0
17.0 99.0
93.0 50.0
60.0 24.0
87.0 24.0
30.0 68.0
85.0 70.0
37.0 93.0
86.0 58.0
41.0 88.0
54.0 31.0
97.0 60.0
73.0 44.0
99.0 67.0
14.0 82.0
61.0 56.0
27.0 11.0
33.0 86.0
69.0 24.0
15.0 80.0
53.0 79.0
29.0 27.0
69.0 44.0
45.0 13.0
41.0 38.0
27.0 97.0
92.0 30.0
71.0 45.0
87.0 100.0
20.0 16.0
93.0 76.0
23.0 32.0
35.0 39.0
44.0 38.0
31.0 83.0
20.0 70.0
33.0 17.0
67.0 19.0
62.0 82.0
12.0 48.0
55.0 36.0
81.0 16.0
86.0 73.0
85.0 89.0
26.0 35.0
62.0 63.0
74.0 24.0
58.0 46.0
63.0 32.0
76.0 40.0
22.0 63.0
63.0 70.0
84.0 68.0
24.0 14.0
48.0 40.0
61.0 28.0
47.0 31.0
47.0 68.0
19.0 58.0
55.0 16.0
46.0 48.0
26.0 69.0
48.0 22.0
100.0 31.0
82.0 39.0
29.0 59.0
32.0 53.0
59.0 30.0
61.0 80.0
47.0 79.0
52.0 98.0
80.0 60.0
60.0 70.0
15.0 22.0
56.0 58.0
67.0 32.0
85.0 39.0
38.0 87.0
99.0 80.0
13.0 75.0
21.0 71.0
28.0 60.0
79.0 62.0
100.0 71.0
63.0 58.0
40.0 75.0
59.0 96.0
28.0 19.0
49.0 74.0
16.0 22.0
59.0 50.0
17.0 44.0
71.0 89.0
24.0 41.0
26.0 84.0
28.0 94.0
52.0 65.0
100.0 60.0
12.0 67.0
51.0 55.0
57.0 34.0
90.0 32.0
84.0 92.0
19.0 43.0
49.0 69.0
33.0 93.0
25.0 26.0
44.0 85.0
44.0 68.0
61.0 66.0
30.0 32.0
22.0 36.0
20.0 58.0
58.0 38.0
61.0 35.0
88.0 36.0
97.0 50.0
27.0 45.0
93.0 20.0
98.0 43.0
12.0 72.0
94.0 15.0
72.0 83.0
34.0 99.0
61.0 82.0
44.0 44.0
43.0 66.0
73.0 100.0
41.0 15.0
15.0 66.0
91.0 72.0
92.0 81.0
60.0 54.0
14.0 24.0
48.0 25.0
53.0 64.0
11.0 58.0
41.0 60.0
94.0 45.0
22.0 95.0
54.0 23.0
66.0 54.0
69.0 38.0
69.0 98.0
41.0 49.0
45.0 83.0
99.0 17.0
98.0 83.0
65.0 17.0
67.0 41.0
67.0 75.0
25.0 24.0
29.0 47.0
14.0 36.0
19.0 41.0
90.0 54.0
20.0 45.0
95.0 47.0
40.0 52.0
82.0 96.0
28.0 18.0
81.0 24.0
44.0 81.0
89.0 48.0
46.0 20.0
34.0 91.0
61.0 20.0
24.0 82.0
51.0 64.0
69.0 14.0
36.0 28.0
59.0 59.0
52.0 44.0
34.0 14.0
41.0 92.0
96.0 21.0
14.0 67.0
86.0 49.0
35.0 16.0
49.0 19.0
30.0 48.0
20.0 70.0
43.0 91.0
40.0 29.0
42.0 76.0
42.0 11.0
97.0 26.0
50.0 73.0
67.0 69.0
24.0 46.0
82.0 89.0
33.0 65.0
26.0 56.0
88.0 32.0
18.0 29.0
28.0 68.0
96.0 50.0
70.0 55.0
41.0 28.0
100.0 11.0
45.0 91.0
55.0 73.0
43.0 72.0
52.0 23.0
87.0 95.0
22.0 68.0
18.0 30.0
94.0 12.0
44.0 23.0
98.0 78.0
89.0 13.0
56.0 82.0
44.0 21.0
97.0 63.0
43.0 39.0
66.0 54.0
41.0 57.0
35.0 92.0
93.0 26.0
98.0 42.0
79.0 93.0
49.0 32.0
71.0 12.0
78.0 33.0
77.0 32.0
13.0 61.0
100.0 88.0
55.0 46.0
84.0 23.0
65.0 48.0
63.0 96.0
87.0 50.0
79.0 75.0
16.0 66.0
82.0 82.0
35.0 37.0
17.0 90.0
11.0 49.0
41.0 44.0
40.0 74.0
39.0 42.0
33.0 13.0
58.0 78.0
70.0 52.0
48.0 26.0
26.0 46.0
94.0 15.0
65.0 63.0
17.0 59.0
59.0 15.0
43.0 22.0
13.0 63.0
30.0 33.0
79.0 24.0
58.0 21.0
70.0 47.0
53.0 76.0
19.0 36.0
79.0 77.0
46.0 72.0
73.0 29.0
48.0 38.0
89.0 64.0
29.0 91.0
35.0 92.0
72.0 93.0
22.0 26.0
67.0 88.0
61.0 12.0
44.0 64.0
20.0 50.0
18.0 58.0
86.0 72.0
61.0 88.0
78.0 90.0
62.0 71.0
76.0 79.0
12.0 53.0
64.0 94.0
49.0 71.0
88.0 89.0
46.0 53.0
48.0 84.0
75.0 43.0
74.0 97.0
17.0 50.0
99.0 34.0
49.0 43.0
41.0 35.0
35.0 84.0
65.0 78.0
71.0 89.0
30.0 38.0
38.0 71.0
54.0 35.0
30.0 60.0
30.0 50.0
54.0 46.0
89.0 58.0
25.0 53.0
85.0 84.0
21.0 22.0
64.0 41.0
21.0 24.0
88.0 30.0
76.0 80.0
89.0 33.0
19.0 40.0
65.0 35.0
64.0 82.0
89.0 51.0
15.0 41.0
57.0 33.0
74.0 39.0
30.0 71.0
70.0 58.0
13.0 60.0
89.0 16.0
62.0 33.0
31.0 50.0
87.0 97.0
58.0 41.0
53.0 33.0
24.0 42.0
21.0 87.0
77.0 70.0
53.0 50.0
85.0 17.0
20.0 18.0
11.0 72.0
83.0 64.0
78.0 17.0
42.0 37.0
27.0 61.0
57.0 13.0
97.0 56.0
54.0 79.0
23.0 64.0
53.0 28.0
47.0 66.0
97.0 95.0
99.0 19.0
99.0 12.0
67.0 58.0
98.0 23.0
32.0 65.0
91.0 71.0
40.0 17.0
32.0 51.0
85.0 86.0
73.0 83.0
99.0 23.0
74.0 58.0
98.0 84.0
99.0 87.0
24.0 32.0
66.0 33.0
60.0 30.0
37.0 24.0
95.0 42.0
38.0 96.0
56.0 25.0
77.0 28.0
96.0 96.0
60.0 34.0
39.0 47.0
73.0 12.0
94.0 73.0
49.0 62.0
95.0 94.0
64.0 49.0
85.0 46.0
61.0 92.0
57.0 89.0
11.0 28.0
16.0 81.0
66.0 47.0
90.0 100.0
68.0 85.0
90.0 99.0
33.0 59.0
18.0 84.0
92.0 62.0
52.0 89.0
32.0 14.0
84.0 62.0
51.0 87.0
43.0 83.0
30.0 59.0

for a total value of 10321 and a total weight of 4000
